
省份	区站号	站名	纬度	经度	气压传感器拔海高度(米)	观测场拔海高度(米)
北京	54398	顺义	4013	11662	29.1	27.9
北京	54399	海淀	3999	11629	47.5	46.3
北京	54406	延庆	4045	11597	488.7	487.5
北京	54416	密云	4038	11686	72.6	71.4
北京	54419	怀柔	4036	11663	76.4	75.2
北京	54421	密云上甸子	 4066	11711	293.6	292.4
北京	54424	平谷	4017	11712	32.3	31.1
北京	54431	通州	3985	11676	21.0	19.8
北京	54433	朝阳	3995	11650	35.6	34.4
北京	54499	昌平	4022	11621	76.9	75.7
北京	54501	斋堂	3997	11569	441.3	440.1
北京	54505	门头沟	3989	11616	86.7	85.5
北京	54511	北京	3981	11647	34.0	32.8
北京	54513	石景山	3994	11621	64.2	63.0
北京	54514	丰台	3987	11625	 	55.0
北京	54594	大兴	3972	11635	38.7	37.5
北京	54596	房山	3977	11619	49.8	48.6
北京	54597	霞云岭	3973	11574	 	408.5
天津	54428	蓟县	4005	11745	33.2	32.0
天津	54523	武清	3943	11706	9.4	8.2
天津	54525	宝坻	3973	 	6.3	5.1
天津	54526	东丽区	3908	11734	3.1	1.9
天津	54527	天津	3908	11705	4.7	3.5
天津	54528	北辰区	3924	11714	4.6	3.4
天津	54529	宁河	 	11785	4.3	3.1
天津	54530	汉沽区	3923	11778	0.7	--0.5
天津	54619	静海	3893	11692	6.7	5.5
天津	54622	津南区	 	11742	2.7	1.5
天津	54623	塘沽	3916	11779	4.5	3.3
天津	54645	大港	3884	11747	3.4	2.2
河北	53392	 	4186	11456	1435.7	1434.5
河北	53397	尚义	4110	11399	1377.7	1376.5
河北	53399	张北	4115	11470	1394.9	1393.7
河北	 53491	怀安	4068	11438	838.9	837.7
河北	53492	阳原	4011	11415	939.6	938.4
河北	53498	宣化	4056	11503	630.7	629.5
河北	53499	万全	4077	11473	757.4	756.2
河北	53593	蔚县	3984	11455	904.6	903.4
河北	53596	顺平	3891	11516	81.9	80.7
河北	53599	涞源	3938	11469	883.8	882.6
河北	53680	灵寿	3832	11435	110.8	109.6
河北	53682	曲阳	3863	11469	106.1	104.9
河北	53688	行唐	3842	11455	101.5	100.3
河北	53689	晋州	3802	11505	43.1	41.9
河北	53690	阜平	3885	11418	283.1	281.9
河北	53691	正定	3815	11456	72.0	70.8
河北	53692	唐县	3870	11498	67.7	66.5
河北	53693	井陉	3804	11414	255.8	254.6
河北	53694	平山	3826	11422	131.6	130.4
河北	53695	新乐	3832	11477	65.6	64.4
河北	53696	定州	3854	11501	43.1	41.9
河北	53697	藁城	3803	11482	54.5	53.3
河北	53699	无极	3823	11491	49.4	48.2
河北	53773	临漳	3630	11460	66.7	66
河北	53781	沙河	3686	11447	68.9	68

河北	53784	赵县	3775	11479	38.9	37.7
河北	53785	柏乡	3751	11470	35.4	34.2
河北	53789	栾城	3789	11464	54.4	53.2
河北	53790	高邑	3764	11461	45.7	44.5
河北	53791	元氏	3781	11450	69.6	68.4
河北	53792	临城	3746	11449	115.2	114.0
河北	53794	隆尧	3739	11478	32.2	31.0
河北	53795	赞皇	3766	11441	159.2	158.0
河北	53796	宁晋	3762	11489	31.8	30.6
河北	53797	内邱	3729	11439	164.8	163.6
河北	53798	邢台	3718	11436	184.2	183.0
河北	53799	巨鹿	3724	11500	27.1	25.9
河北	53883	任县	3715	11468	39.2	38.0
河北	53886	涉县	3657	11367	469.3	468.1
河北	53890	武安	3667	11410	283.0	281.8
河北	53891	南和	3699	11464	47.5	46.3
河北	53892	邯郸	3663	11446	71.2	70.0
河北	53893	曲周	3679	11501	39.1	37.9
河北	53894	峰峰	3640	11421	146.2	 
河北	53895	永年	3675	11446	112.4	111.2
河北	53896	魏县	3633	11495	52.8	51.6
河北	53897	磁县	3640	11434	 	87.4
河北	53899	广平	3648	11496	47.0	45.8
河北	53980	肥乡	3654	11481	51.9	50.7
河北	53996	成安	3645	11465	 	58.4
河北	54301	沽源	4167	11565	1410.8	1409.6
河北	54304	崇礼	4095	11527	1241.0	1239.8
河北	54308	丰宁	4120	11663	736.0	734.8
河北	54311	围场	4196	 	894.9	893.7
河北	54318	隆化	4134	11773	601.2	600.0
河北	54319	平泉	4101	11867	545.6	544.4
河北	54401	张家口	 	11492	774.0	772.8
河北	54404	赤城	4088	11584	863.7	862.5
河北	54405	怀来	4042	11551	569.5	568.3
河北	54408	涿鹿	 	11521	531.4	530.2
河北	54420	滦平	4094	11733	530.2	529.0
河北	54423	承德	4097	11792	423.4	422.2
河北	54425	 	4040	11747	634.4	633.2
河北	54429	遵化	4019	11797	57.9	56.7
河北	54430	承德县	4078	11821	331.2	330.0
河北	54432	宽城	4061	11847	351.2	350.0
河北	54434	迁西	4017	11833	132.8	131.6
河北	54436	青龙	4041	11895	242.0	240.8
河北	54437	滦南	3951	11862	19.5	18.3
河北	54438	卢龙	3988	11888	66.0	64.8
河北	54439	迁安	4013	11879	84.4	83.2
河北	54449	秦皇岛	3985	11951	2.7	1.5
河北	54502	涿州	3948	11604	35.1	33.9
河北	54503	容城	3907	11585	13.8	12.6
河北	54506	高碑店	3932	11595	25.5	24.3
河北	54507	易县	3934	11552	48.7	47.5
河北	54510	大厂	3991	11695	17.9	16.7
河北	54512	固安	3938	11624	21.0	19.8
河北	54515	廊坊	3949	11669	19.8	18.6
河北	54518	霸州	3917	11639	10.1	8.9
河北	54519	永清	3930	11648	13.4	12.2
河北	54520	三河	3996	11708	18.4	17.2

河北	54521	香河	3969	11699	10.6	9.4
河北	54522	玉田	3991	11774	19.0	17.8
河北	54531	滦县	3974	11871	43.8	42.6
河北	54532	丰润	3981	11808	32.8	31.6
河北	54533	丰南	3958	11809	9.0	7.8
河北	54534	唐山	3972	11810	32.6	31.4
河北	54535	曹妃甸	3929	11847	4.4	3.2
河北	54539	乐亭	3943	11889	9.7	8.5
河北	54540	昌黎	3973	11919	18.9	17.7
河北	54541	抚宁	3990	11923	23.9	22.7
河北	54601	徐水	3898	11564	14.3	13.1
河北	54602	保定	3873	11548	18.0	16.8
河北	54603	高阳	3871	11577	11.2	10.0
河北	54604	安国	3841	11529	32.2	31.0
河北	54605	安新	3894	11590	8.6	7.4
河北	54606	饶阳	3822	11574	19.1	17.9
河北	54607	望都	3870	11512	50.8	49.6
河北	54608	深州	3799	11554	26.7	25.5
河北	54609	安平	3821	11548	26.8	25.6
河北	54610	任丘	3874	11612	7.1	 
河北	54611	满城	3893	11531	42.7	41.5
河北	54612	文安	3885	11646	5.5	4.3
河北	54613	大城	3870	11661	 	7.3
河北	54614	河间	3842	11606	10.6	9.4
河北	54615	青县	3859	11684	7.7	6.5
河北	54616	沧州	3834	11685	 	7.3
河北	54617	献县	3821	11617	11.8	10.6
河北	54618	泊头	3809	11657	13.0	11.8
河北	54620	蠡县	3847	11554	21.8	20.6
河北	54621	深泽	3817	 	38.4	37.2
河北	54624	黄骅	3840	11731	5.7	4.5
河北	54626	肃宁	3842	11581	11.5	10.3
河北	54627	盐山	 	11724	9.9	8.7
河北	54628	海兴	3808	11741	7.0	5.8
河北	54631	广宗	3709	11513	32.6	31.4
河北	54632	平乡	 	11504	32.8	31.6
河北	54633	新河	3750	11527	26.2	25.0
河北	54636	雄县	3902	11612	11.5	10.3
河北	54640	 	3689	11487	37.8	36.6
河北	54644	孟村	3806	11713	11.0	9.8
河北	54700	武强	3803	11593	17.6	16.4
河北	54701	辛集	3793	11520	35.0	33.8
河北	54702	衡水	3772	11571	23.7	22.5
河北	54703	武邑	3779	11590	21.9	20.7
河北	54704	冀州	3751	11556	26.0	24.8
河北	54705	南宫	3737	11538	28.6	27.4
河北	54706	清河	3709	11563	30.3	29.1
河北	54707	故城	3735	11598	29.6	28.4
河北	54708	枣强	3749	11574	24.5	23.3
河北	54710	阜城	3785	11615	17.0	15.8
河北	54711	景县	3767	11627	16.2	15.0
河北	54713	东光	3788	11653	15.6	14.4
河北	54717	吴桥	3762	11642	18.3	17.1
河北	54719	南皮	3801	11668	10.9	9.7
河北	54800	威县	3700	11524	34.2	33
河北	54801	临西	3686	11548	36.0	34.8
河北	54804	大名	3631	11518	43.1	41.9

河北	54809	馆陶	3655	11529	43.1	41.9
河北	54820	邱县	3681	11521	40.2	39.0
山西	53478	右玉	3999	11246	1347.0	1345.8
山西	53486	阳高	4037	11377	1051.5	1050.3
山西	53487	大同	4008	11341	1053.6	1052.4
山西	53488	大同县	4006	11360	1073.4	1072.2
山西	53490	天镇	4044	11407	1015.9	1014.7
山西	53564	河曲	3937	11121	1037.3	1036.1
山西	53565	偏关	3944	11150	1064.2	1063.0
山西	53573	左云	4001	11271	1337.5	1336.3
山西	53574	平鲁	3952	11227	1410.6	1409.4
山西	53575	神池	3910	11220	1526.6	1525.4
山西	53576	山阴	3951	11282	1046.2	1045.0
山西	53577	宁武	3900	11230	1438.6	1437.4
山西	53578	朔州	3937	11243	1116.0	1114.8
山西	53579	代县	3905	11292	860.9	859.7
山西	53582	浑源	3971	11366	1080.4	1079.2
山西	53584	应县	3956	11316	1001.9	1000.7
山西	53585	繁峙	3917	11327	935.1	933.9
山西	53588	五台山	3894	11351	2209.5	2208.3
山西	53590	广灵	3974	11426	979.0	 
山西	53594	灵丘	3944	11422	939.9	938.7
山西	53659	临县	3797	11101	1164.5	1163.3
山西	53660	保德	3902	11108	 	894.4
山西	53662	岢岚	3871	11157	1397.9	1396.7
山西	53663	五寨	3893	11182	1402.2	1401.0
山西	53664	兴县	3846	11113	 	1012.6
山西	53665	岚县	3828	11163	1222.5	1221.3
山西	53666	静乐	3836	11194	1213.4	1212.2
山西	53669	娄烦	3807	11181	1151.5	1150.3
山西	53673	原平	3874	 	829.4	828.2
山西	53674	忻府区	3839	11270	871.1	869.9
山西	53676	定襄	3850	11298	760.6	759.4
山西	53677	尖草坪	 	11248	820.9	820.0
山西	53678	阳曲	3807	11266	898.3	897.1
山西	53679	小店区	3775	11254	777.2	776.2
山西	53681	五台县豆村	 	11337	1097.4	1096.2
山西	53685	盂县	3808	11342	954.4	953.2
山西	53687	平定	3779	11363	754.2	753.0
山西	53753	 	3744	11089	861.3	860.1
山西	53759	石楼	3699	11083	1110.3	1109.1
山西	53760	方山	3789	11123	1197.9	1196.7
山西	53763	古交	3790	11217	997.0	995.5
山西	53764	离石	3751	11111	952.0	950.8
山西	53767	中阳	3734	11118	1203.4	1202.2
山西	53768	孝义	3715	11175	774.6	773.4
山西	53769	汾阳	3724	11178	748.9	747.7
山西	53770	祁县	3736	11235	770.0	768.8
山西	53771	文水	3742	11205	751.2	750.0
山西	53772	太原	3762	11258	777.5	776.3
山西	53774	清徐	3758	11237	760.9	759.9
山西	53775	太谷	3742	11259	787.0	785.8
山西	53776	榆次	3770	11279	853.2	852.0
山西	53777	交城	3752	11214	754.8	753.6
山西	53778	平遥	3719	11217	763.7	762.5
山西	53780	寿阳	3791	11315	1067.3	1066.1
山西	53782	阳泉	3793	11362	768.4	767.2

山西	53783	昔阳	3760	11372	938.9	937.7
山西	53786	左权	3709	11334	1149.4	1148.2
山西	53787	榆社	3707	11298	1042.6	1041.4
山西	53788	和顺	3733	11357	1266.9	1265.7
山西	53852	永和	3677	11064	903.8	902.6
山西	53853	隰县	3670	11095	1053.9	1052.7
山西	53856	大宁	3646	11075	750.0	748.8
山西	53859	吉县	3609	11066	852.5	851.3
山西	53860	交口	3698	11117	1407.9	1406.7
山西	53861	襄汾	3589	11139	464.7	463.5
山西	53862	灵石	3685	11180	812.9	811.7
山西	53863	介休	3706	11195	747.2	746.0
山西	53864	蒲县	3640	11110	1013.0	1011.8
山西	53865	汾西	3668	11151	1127.3	1126.1
山西	53866	洪洞	3623	11166	464.0	463
山西	53868	临汾	3606	11149	450.7	449.5
山西	53869	霍州	3658	11170	551.5	550.0
山西	53871	武乡	3686	11287	1081.5	1080.3
山西	53872	沁县	3677	11270	1031.8	1030.6
山西	53873	长子	3610	11287	952.3	951.1
山西	53874	古县	3625	11190	649.9	648.7
山西	53875	沁源	3646	11234	983.0	 
山西	53877	安泽	3613	11226	1012.5	1011.3
山西	53878	黎城	3651	11336	781.9	780.7
山西	53879	屯留	3632	11289	 	952.3
山西	53880	潞城	3633	11320	985.0	983.8
山西	53882	长治	3606	11303	1048.1	1046.9
山西	53884	襄垣	3647	11302	 	892.0
山西	53885	壶关	3613	11320	1123.2	1122.0
山西	53888	平顺	3620	11344	1090.4	1089.2
山西	53953	乡宁	3595	11086	1291.2	1290.0
山西	53954	稷山	3562	 	434.7	433.5
山西	53956	万荣	3542	11084	589.6	588.4
山西	53957	河津	3561	11071	460.4	459.2
山西	53958	临猗	 	11078	436.8	435.6
山西	53959	盐湖	3511	11107	376.2	375.0
山西	53961	曲沃	3564	11152	504.4	503.2
山西	53962	翼城	 	11171	578.5	577.3
山西	53963	侯马	3565	11136	435.0	433.8
山西	53964	新绛	3562	11121	432.0	430.8
山西	53965	 	3550	11157	762.2	761.0
山西	53966	浮山	3595	11187	1041.1	1039.9
山西	53967	闻喜	3533	11120	469.5	468.3
山西	53968	垣曲	3528	11166	506.2	505.0
山西	53970	沁水	3569	11219	888.5	887.3
山西	53973	高平	3578	11294	838.5	837.3
山西	53975	阳城	3549	11241	660.7	659.5
山西	53976	晋城	3550	11286	753.8	752.6
山西	53981	陵川	3577	11327	1312.8	1311.6
山西	57052	永济	3488	11045	355.3	354.1
山西	57053	芮城	3470	11071	506.9	505.7
山西	57060	夏县	3516	11122	404.1	402.9
山西	57061	平陆	3484	11120	411.9	410.7
内蒙古	50425	额尔古纳市	5024	12017	582.6	581.4
内蒙古	50431	根河市	5078	12151	717.9	716.7
内蒙古	50434	图里河	5048	12169	736.0	734.8
内蒙古	50445	鄂伦春自治	5058	12373	426.7	425.5
内蒙古	50514	满洲里	4958	11733	661.6	660.4
内蒙古	50524	陈巴尔虎旗	4934	11946	598.6	597.4
内蒙古	50525	鄂温克族自	4913	11974	618.5	617.3
内蒙古	50526	牙克石市	4928	12069	656.1	654.9
内蒙古	50527	海拉尔	4925	11970	650.9	649.7
内蒙古	50548	小二沟	4920	12372	287.3	286.1
内蒙古	50603	新巴尔虎右	4868	11681	559.1	557.9
内蒙古	50618	新巴尔虎左	4819	11826	623.2	622.0
内蒙古	50639	扎兰屯	4804	12270	325.6	324.4
内蒙古	50645	莫力达瓦达	4848	12448	199.4	198.2
内蒙古	50647	阿荣旗	4813	12348	239.0	237.8
内蒙古	50727	阿尔山	4718	11993	998.2	997.0
内蒙古	50834	索伦	4660	12121	501.6	 
内蒙古	50913	乌拉盖	4572	11883	865.8	864.6
内蒙古	50915	东乌珠穆沁	4551	11696	 	838.9
内蒙古	50924	霍林郭勒	4555	11965	861.2	860.0
内蒙古	50928	巴雅尔吐胡	4506	12033	634.1	632.9
内蒙古	50934	突泉	4538	 	312.6	311.4
内蒙古	50937	科尔沁右翼	4506	12148	283.3	282.1
内蒙古	53068	二连浩特	4363	 	964.3	963.1
内蒙古	53083	那仁宝力格	4462	11415	1182.8	1181.6
内蒙古	53149	满都拉气象	 	11012	1226.1	1224.9
内蒙古	53192	阿巴嘎旗	4402	11500	1148.9	1147.7
内蒙古	53231	 	4140	10641	1511.5	1510.3
内蒙古	53289	镶黄旗	4224	11383	1323.5	1322.3
内蒙古	53336	乌拉特中旗	4157	10851	1289.6	1288.4
内蒙古	53337	五原	4105	10828	1025.3	1024.1
内蒙古	53348	大佘太	4102	10914	1080.5	1079.3
内蒙古	53352	达茂旗气象	4170	11044	1376.2	1375.0
内蒙古	53357	固阳县气象	4103	11010	1404.3	1403.1
内蒙古	53362	四子王	4155	11165	1466.2	1465.0
内蒙古	53367	希拉穆仁	4132	11122	1607.6	1606.4
内蒙古	53368	武川县	4108	11146	1638.5	1637.3
内蒙古	53378	察右中旗	4130	11262	1738.4	1737.2
内蒙古	53384	察右后旗	4145	11318	1424.6	1423.4
内蒙古	53385	商都	4159	11354	1420.3	1419.1
内蒙古	53391	化德	4190	11400	1483.2	1482.0
内蒙古	53419	磴口	4033	10699	1053.6	1052.4
内蒙古	53420	杭锦后旗	4087	10713	1039.7	1038.5
 
内蒙古	53433	乌拉特前旗	4073	10864	1022.1	1020.9
内蒙古	53446	包头市	4053	10988	1005.9	1004.7
内蒙古	53455	土右旗气象	4055	11053	999.6	998.4
内蒙古	53457	达拉特旗	4039	11003	1010.0	1008.8
内蒙古	53463	呼和浩特	4086	11157	1154.7	1153.5
内蒙古	53464	土默特左旗	4073	11117	1044.0	1042.8
内蒙古	53466	呼和浩特郊	4076	11171	1043.2	1042.0
内蒙古	53467	托克托县	4025	11125	1033.1	1031.9
内蒙古	53469	和林格尔县	4040	11182	1167.9	1166.7
内蒙古	53472	卓资	4089	11256	1452.9	1451.7
内蒙古	53475	凉城	4052	11248	1269.8	1268.6
内蒙古	53480	集宁	4103	11307	1418.1	1416.9
内蒙古	53481	察右前旗	4081	11321	1285.9	1284.7
内蒙古	53483	兴和	4088	11384	1288.0	1286.8
内蒙古	53484	丰镇	4044	11313	1193.1	1191.9
内蒙古	53512	乌海	3979	10680	1106.6	1105.4
内蒙古	53513	临河	4072	10737	1042.4	1041.2
内蒙古	53522	伊克乌素	4005	10784	1182.0	1180.8
内蒙古	53529	鄂托克旗	3909	10796	1382.6	1381.4
内蒙古	53533	杭锦旗	3981	10871	1415.2	1414.0
内蒙古	53543	东胜	3982	11001	1463.4	1462.2
内蒙古	53545	伊金霍洛旗	3956	10971	1368.2	1367.0
内蒙古	53553	准格尔旗	3985	11122	1225.0	1223.8
内蒙古	53562	清水河县	3992	11166	1209.2	1208
内蒙古	53644	乌审旗	3859	10884	1307.1	1305.9
内蒙古	53730	鄂托克前旗	3819	10747	1334.4	1333.2
内蒙古	53732	河南	3786	10872	1231.2	1230.0
内蒙古	54012	西乌珠穆沁	4457	11763	1002.9	1001.7
内蒙古	54024	富河	4445	11928	711.2	710.0
内蒙古	54026	扎鲁特	4455	12090	264.8	263.6
内蒙古	54027	巴林左旗	4396	11932	589.0	587.8
内蒙古	54031	高力板	4488	12181	204.1	202.9
内蒙古	54039	舍伯吐	4403	12200	185.1	183.9
内蒙古	54047	科左中旗	4409	12326	142.2	141.0
内蒙古	54102	锡林浩特	4395	11612	1004.7	 
内蒙古	54113	巴林右旗	4353	11863	690.0	688.8
内蒙古	54115	林西县	4363	11803	826.2	825.0
内蒙古	54117	克什克腾旗	4324	11752	 	1003.3
内蒙古	54122	阿鲁科尔沁	4386	12003	 	426.9
内蒙古	54132	青龙山	4239	12107	397.2	396.0
内蒙古	54134	开鲁	4360	12129	242.5	241.3
内蒙古	54135	通辽	4367	 	175.1	173.9
内蒙古	54204	正镶白旗	4228	11503	1367.7	1366.5
内蒙古	54205	正蓝旗	4223	11600	1316.7	1315.5
 

内蒙古	54208	多伦县	4219	11647	1246.7	1245.5
内蒙古	54213	翁牛特旗	4292	11901	635.5	634.3
内蒙古	54214	岗子	4256	11841	961.2	960.0
内蒙古	54218	赤峰	 	11883	657.6	656.4
内蒙古	54223	奈曼	4285	12064	369.4	368.2
内蒙古	54225	敖汉旗	4229	11995	578.6	577.4
内蒙古	54226	 	4232	12069	401.7	400.5
内蒙古	54231	科左后旗	4291	12236	258.1	256.9
内蒙古	54234	库伦	4272	12179	280.0	278.8
内蒙古	54305	太仆寺旗	4189	11527	1470.1	1468.9
内蒙古	54313	喀喇沁旗	4192	11870	734.9	733.7
内蒙古	54316	八里罕	4151	11874	680.5	679.3
内蒙古	54320	宁城县	4159	11930	545.4	544.2
辽宁	54236	彰武	4238	12255	80.6	79.4
辽宁	54243	昌图	4279	12409	166.3	165.1
辽宁	54244	康平	4281	12335	88.2	87.0
辽宁	54245	法库	4249	12340	95.1	93.9
辽宁	54248	沈北新区	4204	12353	62.8	62
辽宁	54249	铁岭	4230	12386	86.6	85
辽宁	54252	西丰	4274	12474	197.3	196.1
辽宁	54254	开原	4253	12405	99.7	98.2
辽宁	54259	清原	4207	12487	225.2	224.0
辽宁	54321	建平镇	4190	11971	663.0	661.8
辽宁	54323	北票	4181	12079	255.0	253.8
辽宁	54324	朝阳	4155	12043	175.5	174.3
辽宁	54325	羊山	4118	12036	185.0	183.8
辽宁	54326	建平县	4141	11962	463.4	462.2
辽宁	54327	凌源	4124	11939	418.3	417.1
辽宁	54328	喀左	4112	11977	342.2	341
辽宁	54332	辽中	4151	12270	13.4	12.2
辽宁	54333	新民	4196	12285	32.1	30.9
辽宁	54336	台安	4142	12243	9.5	8.3
辽宁	54338	盘山	4127	12204	6.0	4.8
辽宁	54339	鞍山	4109	12300	78.5	77.3
辽宁	54340	苏家屯	4166	12332	37.0	35.8
辽宁	54342	沈阳	4173	12351	51.5	51.0
辽宁	54345	辽阳县	4120	12307	31.9	30.7
辽宁	54346	本溪	4131	12378	186.6	185.4
辽宁	54347	辽阳	4125	12318	26.0	24.8
辽宁	54348	灯塔	12333	4142	36.5	36.8
辽宁	54351	抚顺	4191	12407	119.7	118.5
辽宁	54353	新宾	4172	12504	329.6	328.4
辽宁	54452	建昌	4080	11979	368.2	367.0
辽宁	54453	连山区	4087	12096	40.1	38.9
辽宁	54454	绥中	4033	12031	30.2	29.0
辽宁	54455	兴城	4062	12065	21.7	20.5
辽宁	54470	大洼	4101	12206	6.7	5.5
辽宁	54471	营口	4067	12217	5.0	3.8
辽宁	54474	盖州	4041	12236	26.0	24.8
辽宁	54475	大石桥	4056	12245	12.7	11.5
辽宁	54476	熊岳	4018	12215	21.6	20.4
辽宁	54483	草河口	4087	12390	234.8	233.6
辽宁	54486	岫岩	4034	12328	98.9	97.7
辽宁	54493	宽甸	4071	12478	261.3	260.1
辽宁	54494	凤城	4047	12405	73.8	72.6
辽宁	54497	丹东	4003	12433	15.0	13.8
辽宁	54563	瓦房店	3963	12201	119.9	119
辽宁	54565	长兴岛	3960	12147	71.8	71
辽宁	54568	金州	3907	12176	92.0	91
辽宁	54569	普兰店	3942	12194	12.9	11.7
辽宁	54575	皮口	3940	12234	42.4	41.2
辽宁	54579	长海	3927	12259	23.4	22.2
辽宁	54584	庄河	3971	12295	36.0	34.8
辽宁	54590	东港	3992	12415	4.9	3.7
辽宁	54662	大连	3891	12164	92.7	91.5
吉林	50936	白城	4561	12280	156.7	155.5
吉林	50939	洮南	4535	12276	151.2	150.0
吉林	50940	镇赉	4585	12317	141.9	140.7
吉林	50945	大安	4551	12424	148.5	147.3
吉林	50946	松原	4517	12485	140.9	139.7
吉林	50948	乾安	4499	12401	149.8	148.6
吉林	50949	前郭	4509	12487	137.9	136.4
吉林	54041	通榆	4480	12305	151.7	150.2
吉林	54049	长岭	4428	12397	195.8	194.6
吉林	54063	扶余	4496	12600	216.1	214.9
吉林	54064	农安	4440	12516	171.6	170.4
吉林	54065	德惠	4454	12566	169.5	168.3
吉林	54069	九台	4412	12580	174.9	173.7
吉林	54072	榆树	4485	12652	196.4	195.2
吉林	54076	舒兰	4439	12693	269.0	267.8
吉林	54142	双辽	4351	12344	119.6	118.4
吉林	54154	梨树	4331	12431	160.9	159.7
吉林	54155	孤家子	4366	12424	146.0	144.8
吉林	54157	四平	4312	12439	181.2	180.0
吉林	54161	长春	4389	12523	238.0	236.8
吉林	54164	伊通	4335	12532	249.3	248.1
吉林	54165	双阳	4355	12564	220.0	218.8
吉林	54169	烟筒山	4329	12601	272.7	271.5
吉林	54171	永吉	4368	12652	231.0	229.8
吉林	54172	吉林城郊	4386	12654	291.6	290.4
吉林	54181	蛟河	4370	12733	297.0	295.8
吉林	54186	敦化	4337	12821	527.3	526.1
吉林	54187	安图	4311	12891	367.8	366.6
吉林	54192	罗子沟	4373	13033	410.9	409.7
吉林	54195	汪清	4330	12979	274.2	273.0
吉林	54260	辽源	4291	12508	254.2	253.0
吉林	54261	东丰	4267	12547	345.7	344.5
吉林	54263	磐石	4296	12608	352.4	351.2
吉林	54266	梅河口	4253	12566	343.3	342.1
吉林	54267	柳河	4227	12572	384.3	383.1
吉林	54273	桦甸	4298	12676	 	263.3
吉林	54274	辉南	4269	12599	308.4	307.2
吉林	54276	靖宇	4240	12679	571.1	569.9
吉林	54279	江源	4206	12658	 	579.1
吉林	54284	东岗	4215	12750	777.6	776.4
吉林	54285	二道	4240	12813	732.9	731.7
 

吉林	54286	和龙	4253	12900	504.7	503.5
吉林	54290	龙井	4277	12940	246.9	245.7
吉林	54291	珲春	4279	13035	44.6	43.4
吉林	54292	延吉	 	12950	259.2	258.0
吉林	54293	图们	4295	12983	143.6	142.4
吉林	54362	通化县	4167	12574	381.3	380.1
吉林	54363	通化	 	12592	404.0	402.8
吉林	54371	白山	4194	12644	523.9	522.7
吉林	54374	临江	4180	12690	382.3	381.1
吉林	54377	 	4115	12622	226.7	225.5
吉林	54386	长白	4143	12820	811.3	810.1
黑龙江	50136	漠河	5297	12251	435.1	433.9
黑龙江	 	北极村	5347	12236	292.8	291.6
黑龙江	50246	塔河	5235	12472	360.6	359.4
黑龙江	50247	呼中	5204	12357	515.7	514.5
黑龙江	50349	新林	5167	12439	502.7	501.5
黑龙江	50353	呼玛	5173	12664	175.1	173.9
黑龙江	50442	加格达奇	5039	12411	273.5	272.3
黑龙江	50468	爱辉	5025	12746	167.6	166.4
黑龙江	50557	嫩江	4916	12523	243.4	242.2
黑龙江	50564	孙吴	4942	12733	235.3	234.1
黑龙江	50566	逊克	4957	12848	117.2	116.0
黑龙江	50646	讷河	4850	12488	231.8	230.6
黑龙江	50655	五大连池	4850	12619	273.1	271.9
黑龙江	50656	北安	4826	12651	279.6	278.4
黑龙江	50658	克山	4808	12579	292.2	291.0
黑龙江	50659	克东	4805	12624	298.2	297.0
黑龙江	50673	嘉荫	4889	13041	91.2	90.0
黑龙江	50674	乌伊岭	4858	12944	405.7	404.5
黑龙江	50739	龙江	4730	12325	206.0	204.8
黑龙江	50741	甘南	4791	12351	186.4	185.2
黑龙江	50742	富裕	4779	12448	163.9	162.7
黑龙江	50745	齐齐哈尔	4738	12392	147.9	146.7
黑龙江	50749	林甸	4719	12485	155.1	153.9
黑龙江	50750	依安	4790	12529	226.2	225.0
黑龙江	50755	拜泉	4762	12607	251.0	249.8
黑龙江	50756	海伦	4745	12688	220.9	219.7
黑龙江	50758	明水	4715	12589	241.2	240.0
黑龙江	50767	绥棱	4723	12711	203.9	202.7
黑龙江	50772	五营	4811	12924	298.0	296.8
黑龙江	50774	伊春	4771	12884	266.0	264.8
黑龙江	50775	鹤岗	4734	13020	183.5	182.3
黑龙江	50776	萝北	4757	13083	84.5	83.3
黑龙江	50778	同江	4766	13254	58.7	57.5
黑龙江	50779	抚远	4835	13442	39.3	38.1
黑龙江	50787	绥滨	4731	13184	61.2	60.0
黑龙江	50788	富锦	4723	13200	67.6	66.4
黑龙江	50842	杜蒙	4684	12442	145.5	144.3
黑龙江	50844	泰来	4640	12345	136.1	134.9
黑龙江	50850	大庆	4662	12499	153.8	152.3
黑龙江	50851	青冈	4669	12609	208.6	207.4
黑龙江	50852	望奎	4675	12650	177.9	176.7
黑龙江	50853	北林	4662	12697	180.8	179.6

黑龙江	50854	安达	4639	12532	150.5	149.3
黑龙江	50858	肇东	4602	12581	160.7	159.5
黑龙江	50859	兰西	4629	12628	170.5	169.3
黑龙江	50861	庆安	4689	12748	183.6	182.4
黑龙江	50862	铁力	4699	12799	208.5	207.3
黑龙江	50867	巴彦	4606	12739	135.2	134.0
黑龙江	50871	汤原	4673	12988	96.3	95.1
黑龙江	50873	佳木斯	4679	13031	83.2	82.0
黑龙江	50877	依兰	4630	12958	101.3	100.1
黑龙江	50878	桦川	4699	13073	76.4	75.2
黑龙江	50879	桦南	4623	13056	188.2	187.0
黑龙江	50880	集贤	4674	13111	103.5	102.3
黑龙江	50884	双鸭山	4665	13115	173.2	172.0
黑龙江	50888	宝清	4639	13217	80.8	79.6
黑龙江	50892	饶河	4679	13399	55.6	54.4
黑龙江	50950	肇州	4570	12525	149.9	148.7
黑龙江	50953	哈尔滨	4593	12658	116.2	115.0
黑龙江	50954	肇源	4550	12508	128.2	127.0
黑龙江	50956	呼兰	4610	12678	135.9	134.7
黑龙江	50958	阿城	4553	12694	169.4	168.2
黑龙江	50960	宾县	4574	12739	185.4	184.2
黑龙江	50962	木兰	4598	12805	118.1	116.9
黑龙江	50963	通河	4598	12873	110.1	108.9
黑龙江	50964	方正	4583	12881	120.5	119.3
黑龙江	50965	延寿	4544	12828	158.4	157.2
黑龙江	50968	尚志	4521	12798	190.9	189.7
黑龙江	50971	七台河	4584	13098	196.1	194.9
黑龙江	50973	勃利	4575	13061	251.0	249.8
黑龙江	50978	鸡西	4531	13091	273.7	272.5
黑龙江	50979	林口	4528	13024	275.9	274.7
黑龙江	50983	虎林	4576	13288	99.3	98.1
黑龙江	50985	密山	4555	13186	152.9	151.7
黑龙江	50987	鸡东	4526	13109	221.1	219.9
黑龙江	54080	五常	4491	12714	192.6	191.4
黑龙江	54092	海林	4459	12941	293.3	292.1
黑龙江	54093	穆棱	4491	13054	267.5	266.3
黑龙江	54094	牡丹江	4450	12967	306.9	305.7
黑龙江	54096	绥芬河	4439	13116	562.8	561.6
黑龙江	54098	宁安	4434	12945	269.1	267.9
黑龙江	54099	东宁	4409	13111	176.4	175.2
上海	58361	闵行	3110	12137	4.6	3.4
上海	58362	宝山	3139	12145	4.5	3.3
上海	58365	嘉定	3138	12120	5.9	4.7
上海	58366	崇明	3167	12149	3.5	2.3
上海	58367	徐家汇	3119	12143	3.2	2.0
上海	58369	南汇	3106	12179	3.9	2.7
上海	58370	浦东	3122	12155	3.6	2.4
上海	58460	金山	3082	12127	4.4	3.2
上海	58461	青浦	3113	12112	3.4	2.2
上海	58462	松江	3102	12118	7.1	5.9
上海	58463	奉贤	3089	12150	3.8	2.6
江苏	58012	丰县	3467	11666	43.2	42.0
江苏	58013	沛县	3475	11691	37.7	36.5

江苏	58026	邳州	3439	11802	26.9	25.7
江苏	58027	徐州	3429	11716	42.3	41.1
江苏	58035	新沂	3433	11835	30.5	29.3
江苏	58036	东海	3454	11871	34.1	32.9
江苏	58038	沭阳	3409	11878	11.6	10.4
江苏	58040	赣榆	3486	11913	6.5	5.3
江苏	58041	西连岛	3478	11944	27.4	26.2
江苏	58044	连云港	3455	11924	5.9	4.7
江苏	58045	响水	3420	11964	7.8	6.6
江苏	58047	灌云	3426	11924	6.0	4.8
江苏	58048	灌南	3406	11929	9.2	8.0
江苏	58049	滨海	3402	11980	5.3	4.1
江苏	58130	睢宁	3393	11790	27.2	26.0
江苏	58131	宿豫	3397	11822	26.2	25.0
江苏	58132	泗阳	3373	11870	16.1	14.9
江苏	58135	泗洪	3348	11821	18.1	16.9
江苏	58138	盱眙	3295	11851	44.3	43.1
江苏	58139	洪泽	3331	11891	11.8	10.6
江苏	58140	涟水	3377	11930	10.1	8.9
江苏	58141	淮安	3364	11893	13.7	12.5
江苏	58143	阜宁	3373	11983	7.1	5.9
江苏	58145	楚州	3350	11916	8	7.2
江苏	58146	建湖	3341	11978	7.0	5.8
江苏	58147	金湖	3297	11901	13.6	12.4
江苏	58148	宝应	3327	11934	4.5	3.3
江苏	58150	射阳	3375	12030	3.0	1.8
江苏	58154	盐城	3332	12010	5.0	3.8
江苏	58158	大丰	3317	12046	4.3	3.1
江苏	58235	六合	3237	11885	11.6	10.4
江苏	58237	浦口	3207	11859	47.8	46.6
江苏	58238	南京	3193	11890	34.4	33.2
江苏	58241	高邮	3276	11949	7.7	6.5
江苏	58242	仪征	3230	11916	23.7	22.5
江苏	58243	兴化	3295	11982	4.2	3.0
江苏	58244	江都	3245	11959	6.4	5.2
江苏	58245	扬州	3241	11942	11.1	9.9
江苏	58246	泰州	3256	11999	3.8	2.6
江苏	58247	扬中	3227	11980	4.4	3.2
江苏	58249	泰兴	3216	12005	7.2	6.0
江苏	58250	姜堰	3251	12016	7.4	6.2
江苏	58251	东台	3286	12028	4.5	3.3
江苏	58252	丹徒	3215	11950	19.2	18.0
江苏	58254	海安	3255	12041	7.1	6.1
江苏	58255	如皋	3238	12061	9.2	8.0
江苏	58257	靖江	3198	12030	11.0	9.8
江苏	58259	南通	3208	12098	6.0	4.7
江苏	58264	如东	3234	12122	6.4	5.5
江苏	58265	吕泗	3210	12154	5.0	3.8
江苏	58268	通州	3210	12108	5.6	4.4
江苏	58269	启东	3179	12164	4.5	3.3
江苏	58339	高淳	3133	11890	17.8	17
江苏	58340	溧水	3160	11906	31.6	30.4
江苏	58341	丹阳	3198	11959	7.8	6.6

江苏	58342	金坛	3171	11954	6.6	5.4
江苏	58344	句容	3196	11920	37.2	36.0
江苏	58345	溧阳	3143	11950	7.1	5.9
江苏	58346	宜兴	3134	11981	17.6	16.4
江苏	58349	苏州	3142	12056	9.2	8.0
江苏	58351	江阴	3189	12029	5.3	4.1
江苏	58352	常熟	3166	12080	6.7	5.5
江苏	58353	张家港	3186	12057	12.7	11.5
江苏	58354	无锡	3161	12035	4.2	3.0
江苏	58356	昆山	3140	12100	4.4	3.2
江苏	58358	东山	3108	12043	17.9	16.7
江苏	58359	吴江	3114	12062	5.9	4.7
江苏	58360	海门	3192	12121	7.2	6.0
江苏	58377	太仓	3151	12111	 	5.7
浙江	58443	长兴	3102	11989	26.2	25.0
浙江	58446	安吉	3063	11971	73.4	72.2
浙江	58448	临安	3022	11970	 	117.9
浙江	58449	富阳	3006	11995	47.7	46.5
浙江	58450	湖州	3086	12005	8.6	7.4
浙江	58451	嘉善	3083	 	3.8	2.6
浙江	58452	嘉兴	3073	12076	6.0	4.8
浙江	58453	绍兴	3007	12051	8.7	7.5
浙江	58454	德清	 	11998	103.7	102.5
浙江	58455	海宁	3048	12049	6.2	5.0
浙江	58456	桐乡	3063	12052	7.2	6.0
浙江	58457	杭州	 	12017	43.3	42.1
浙江	58458	海盐	3054	12090	6.0	4.8
浙江	58459	萧山	3018	12028	97.6	96.4
浙江	58464	 	3065	12112	5.2	4.0
浙江	58467	慈溪	3020	12129	6.6	5.4
浙江	58468	余姚	3002	12114	39.2	38.0
浙江	 	嵊泗	3073	12245	80.5	79.3
浙江	58477	定海	3004	12211	36.9	35.7
浙江	58484	岱山	3024	12220	38.5	37.3
浙江	58537	开化	2913	11840	154.2	153.0
浙江	58542	桐庐	2981	11967	45.6	44.4
浙江	58543	淳安	2961	11903	170.3	169.1
浙江	58544	建德	2948	11927	90.3	89.1
浙江	58546	浦江	2948	11987	116.8	115.6
浙江	58547	龙游	2903	11919	65.7	64.5
浙江	58548	兰溪	2922	11948	51.4	50.2
浙江	58549	金华	2911	11966	63.8	62.6
浙江	58550	诸暨	2970	12026	40.3	39.1
浙江	58553	上虞	3005	12081	7.2	6.0
浙江	58555	新昌	2951	12088	116.3	115.1
浙江	58556	嵊州	2959	12081	114.4	113.2
浙江	58557	义乌	2934	12009	91.2	90.0
浙江	58558	东阳	2928	12022	91.1	89.9
浙江	58559	天台	2915	12097	108.8	107.6
浙江	58560	磐安	2905	12044	306.0	304.8
浙江	58561	镇海	2998	12161	4.9	3.7
浙江	58562	鄞州	2980	12150	7.6	6.4
浙江	58563	北仑	2988	12183	6.2	5.0

浙江	58565	奉化	2969	12139	42.7	41.5
浙江	58566	象山	2938	12192	5.3	4.1
浙江	58567	宁海	2932	12144	40.5	39.3
浙江	58568	三门	2912	12138	35.7	34.5
浙江	58569	石浦	2921	12196	129.6	128.4
浙江	58570	普陀	2995	12230	84.3	83.1
浙江	58631	常山	2891	11851	137.4	136.2
浙江	58632	江山	2871	11860	127.3	126.1
浙江	58642	武义	2889	11981	106.3	105.1
浙江	58643	永康	2886	12001	154.2	153.0
浙江	58644	遂昌	2860	11927	237.8	236.6
浙江	58646	丽水	2839	11985	145.7	144.5
浙江	58647	龙泉	2808	11913	223.3	222.1
浙江	58648	景宁	2799	11964	246.8	245.6
浙江	58652	仙居	2887	12072	84.4	83.2
浙江	58654	缙云	2866	12009	185.3	184.1
浙江	58656	乐清	2807	12097	62.0	60.8
浙江	58657	青田	2814	12029	59.0	57.8
浙江	58658	永嘉	2815	12069	35.5	34.3
浙江	58659	温州	2803	12066	29.5	28.3
浙江	58660	临海	2887	12119	7.5	6.3
浙江	58664	温岭	2837	12136	36.2	35.0
浙江	58665	洪家	2862	12142	5.8	4.6
浙江	58666	大陈	2845	12190	90.3	89.1
浙江	58667	玉环	2808	12127	97.1	95.9
浙江	58742	云和	2811	11956	162.6	161.4
浙江	58745	庆元	2762	11908	402.0	400.8
浙江	58746	泰顺	2755	11971	540.1	538.9
浙江	58750	文成	2779	12008	106.6	105.4
浙江	58751	平阳	2767	12057	255.2	254.0
浙江	58752	瑞安	2778	12065	39.0	37.8
安徽	58015	砀山	3444	11634	43.3	42.1
安徽	58016	萧县	3418	11696	36.1	34.9
安徽	58102	亳州	3379	11574	39.9	38.7
安徽	58107	临泉	3291	11526	37.4	36.2
安徽	58108	界首	3334	11537	40.0	38.8
安徽	58109	太和	3313	11564	32.2	31.0
安徽	58112	天柱山	3073	11645	960.3	959.1
安徽	58113	濉溪	3395	11671	33.1	31.9
安徽	58114	涡阳	3349	11619	32.4	31.2
安徽	58116	淮北	3403	11687	34.1	32.9
安徽	58117	利辛	3305	11620	29.1	27.9
安徽	58118	蒙城	3326	11651	28.1	26.9
安徽	58122	宿州	3364	11708	26.9	25.7
安徽	58125	灵璧	3358	11752	24.2	23.0
安徽	58126	泗县	3347	11791	21.9	20.7
安徽	58127	怀远	3299	11707	25.7	24.5
安徽	58128	固镇	3334	11736	22.6	21.4
安徽	58129	五河	3314	11783	15.7	14.5
安徽	58202	阜南	3268	11558	35.4	34.2
安徽	58203	阜阳	3288	11574	32.4	31.2
安徽	58210	颍上	3267	11616	27.9	26.7
安徽	58212	凤台	3272	11676	24.3	23.1

安徽	58214	霍邱	3237	11630	29.6	28.4
安徽	58215	寿县	3244	11679	26.1	24.9
安徽	58220	长丰	3242	11716	46.2	45.0
安徽	58221	蚌埠	3284	11730	27.8	26.6
安徽	58222	凤阳	3286	11755	25.9	24.7
安徽	58223	明光	3280	11799	35.2	34.0
安徽	58224	淮南	3261	11705	71.8	70.6
安徽	58225	定远	3254	11768	71.8	70.6
安徽	58234	来安	3247	11842	41.5	40.3
安徽	58236	滁州	3236	11825	34.7	33.5
安徽	58240	天长	3274	11900	11.2	10.0
安徽	58306	金寨	3168	11588	96.6	95.4
安徽	58311	六安	3174	11651	75.3	74.1
安徽	58314	霍山	3140	11634	87.6	86.4
安徽	58316	舒城	3147	11692	24.9	23.7
安徽	58317	岳西	3086	11636	435.8	434.6
安徽	58319	桐城	3106	11694	86.5	85.3
安徽	58320	肥西	3161	11703	27.4	26.2
安徽	58321	合肥	3196	11706	51.0	49.8
安徽	58323	肥东	3186	11746	19.2	18.0
安徽	58326	巢湖	3158	11783	32.4	31.2
安徽	58327	庐江	3127	11729	46.8	45.6
安徽	58329	无为	3133	11787	10.8	9.6
安徽	58330	含山	3174	11809	27.7	26.5
安徽	58331	和县	3173	11836	21.7	20.5
安徽	58334	芜湖	3138	11841	11.4	10.2
安徽	58335	当涂	3155	11855	61.2	60.0
安徽	58336	马鞍山	3171	11856	79.4	78.2
安徽	58337	繁昌	3106	11822	61.7	60.5
安徽	58338	芜湖县	3112	11860	41.1	39.9
安徽	58417	宿松	3017	11612	110.5	109.3
安徽	58429	铜陵	3097	11785	12.2	11.0
安徽	58431	南陵	3089	11832	41.2	40.0
安徽	58432	泾县	3068	11841	53.9	52.7
安徽	58433	宣城	3093	11876	32.5	31.3
安徽	58435	旌德	3029	11853	218.2	217.0
安徽	58436	宁国	3062	11898	88.5	87.3
安徽	58437	黄山	3014	11816	1840.9	1839.7
安徽	58441	广德	3085	11942	51.6	50.4
安徽	58442	郎溪	3116	11919	17.7	17
安徽	58520	祁门	2987	11769	192.2	191.0
安徽	58523	黟县	2993	11793	228.5	227.3
安徽	58530	歙县	2987	11844	170.0	168.8
安徽	58531	屯溪	2971	11828	143.9	142.7
安徽	58534	休宁	2979	11818	171.4	170.2
福建	58724	光泽	2754	11731	269.6	268.4
福建	58725	邵武	2732	11749	219.3	218.1
福建	58730	武夷山	2776	11802	223.3	222.1
福建	58731	浦城	2792	11854	278.1	276.9
福建	58734	建阳	2734	11811	198.1	196.9
福建	58735	松溪	2752	11877	261.5	260.3
福建	58736	政和	2738	11883	263.8	262.6
福建	58737	建瓯	2705	11832	156.2	155.0

福建	58744	寿宁	2746	11950	846.5	845.3
福建	58747	周宁	2711	11934	896.5	895.3
福建	58748	福安	2709	11965	51.5	50.3
福建	58749	柘荣	2723	11989	685.2	684.0
福建	58754	福鼎	2734	12021	37.4	36.2
福建	58818	宁化	2627	11665	360.0	358.8
福建	58819	清流	2619	11679	364.4	363.2
福建	58820	泰宁	2690	11717	344.1	342.9
福建	58822	建宁	2683	11685	343.7	342.5
福建	58823	顺昌	2680	11780	176.3	175.1
福建	58824	明溪	2636	11721	358.5	357.3
福建	58826	沙县	2639	11781	121.9	120.7
福建	58828	三明	2627	11764	 	210.3
福建	58836	古田	2658	11874	362.7	361.5
福建	58837	尤溪	2616	11816	205.9	204.7
福建	58839	闽清	2622	11886	150.2	149.0
福建	58843	霞浦	2688	12002	 	56.6
福建	58844	闽侯	2615	11914	59.1	57.9
福建	58845	罗源	2650	11955	80.0	78.8
福建	58846	宁德	2666	 	33.7	32.5
福建	58847	福州	2608	11929	85.3	84.1
福建	58848	连江	2622	11956	44.1	42.9
福建	58850	三沙	 	12023	93.4	92.2
福建	58911	长汀	2585	11637	311.3	310.1
福建	58917	武平	2509	11610	308.8	307.6
福建	58918	上杭	 	11643	223.5	222.3
福建	58923	大田	2570	11784	401.3	400.1
福建	58926	 	2527	11743	239.6	238.4
福建	58927	龙岩	2505	11702	377.1	375.9
福建	58928	华安	2501	11753	168.0	167
福建	 	安溪	2506	11821	132.0	130.8
福建	58931	九仙山	2571	11811	1655.1	1653.9
福建	58932	永泰	2587	11893	86.7	85.5
福建	58934	永春	2533	11827	185.0	183.8
福建	58935	德化	2551	11823	646.9	645.7
福建	58938	秀屿	2528	11911	66.5	65.3
福建	58941	长乐	2597	11950	27.2	26.0
福建	58942	福清	2567	11938	76.4	75.2
福建	58944	平潭	2551	11978	31.9	30.7
福建	58946	莆田	2544	11900	82.5	81.3
福建	59113	永定	2473	11672	228.2	227.0
福建	59122	长泰	2462	11775	44.6	43.4
福建	59124	南靖	2451	11739	54.9	53.7
福建	59125	平和	2438	11730	110.0	108.8
福建	59127	龙海	2443	11783	33.9	32.7
福建	59129	漳浦	2413	11759	62.4	61.2
福建	59130	同安	2477	11818	46.9	45.7
福建	59131	南安	2496	11837	174.1	172.9
福建	59133	崇武	2489	11892	23.1	21.9
福建	59134	厦门	2449	11808	140.8	139.6
福建	59320	诏安	2375	11714	38.8	37.6
福建	59322	云霄	2395	11733	25.1	23.9
江西	58903	瑞金	2592	11601	291.0	289.8

江西	58905	于都	2596	11541	128.8	127.6
江西	58906	会昌	2556	11580	194.3	193.1
江西	58907	安远	2515	11534	354.4	353.2
江西	59091	全南	2475	11452	278.3	277.1
江西	59092	龙南	2487	11481	251.4	250.2
江西	59093	定南	2478	11503	255.5	254.3
江西	59102	寻乌	2495	11564	304.8	303.6
江西	57598	修水	2903	11458	148.0	146.8
江西	57694	铜鼓	2853	11436	260.6	259.4
江西	57696	宜丰	2839	11477	91.6	90.4
江西	57698	万载	2811	11443	125.8	124.6
江西	57699	上高	2824	11496	94.6	93.4
江西	57783	上栗	2789	11381	119.8	118.6
江西	57786	萍乡	2763	11386	118.7	117.5
江西	57789	莲花	2712	11393	235.0	233.8
江西	57792	分宜	2782	11466	120.2	119.0
江西	57793	宜春	2779	11437	131.6	130.4
江西	57794	芦溪	2764	11401	178.6	177.4
江西	57796	新余	2783	11489	190.5	189.3
江西	57798	安福	2739	11459	87.1	85.9
江西	57799	吉安县	2704	11491	72.3	71.1
江西	57883	夏坪	2677	11432	339.7	338.5
江西	57891	永新	2694	11425	151.5	150.3
江西	57894	井冈山	2657	11416	840.3	839.1
江西	57895	万安	2647	11478	102.9	101.7
江西	57896	遂川	2633	11452	127.6	126.4
江西	57899	泰和	2683	11488	104.6	103.4
江西	57990	崇义	2569	11431	281.2	280.0
江西	57991	上犹	2580	11454	138.7	137.5
江西	57992	南康	2566	11474	128.2	127.0
江西	57993	赣县	2587	11501	138.8	137.6
江西	57994	大余	2540	11436	216.8	215.6
江西	57995	信丰	2535	11487	205.6	204.4
江西	58502	九江	2967	11602	86.8	85.6
江西	58503	瑞昌	2971	11567	42.4	41.2
江西	58505	九江县	2961	11590	63.8	62.6
江西	58506	庐山	2957	11598	1165.7	1164.5
江西	58507	武宁	2925	11512	117.2	116.0
江西	58508	德安	2935	11574	81.8	80.6
江西	58509	永修	2903	11581	37.8	36.6
江西	58510	湖口	2969	11621	36.4	35.2
江西	58512	彭泽	2989	11655	100.3	99.1
江西	58514	星子	2945	11603	38.3	37.1
江西	58517	都昌	2925	11617	78.7	77.5
江西	58519	波阳	2905	11667	51.5	50.3
江西	58524	浮梁	2936	11722	88.6	87.4
江西	58527	景德镇	2931	11717	94.7	93.5
江西	58529	婺源	2928	11786	168.1	166.9
江西	58600	靖安	2886	11537	81.9	80.7
江西	58601	奉新	2872	11536	81.6	80.4
江西	58602	安义	2893	11555	91.2	90.0
江西	58605	高安	2842	11537	46.8	45.6
江西	58606	南昌	2859	11590	48.4	47.2

江西	58607	南昌县	2852	11607	24.3	23.1
江西	58608	樟树	2799	11555	67.5	66.3
江西	58609	丰城	2821	11581	26.4	25.2
江西	58612	余干	2869	11668	19.6	18.4
江西	58614	进贤	2840	11628	68.7	67.5
江西	58615	万年	2870	11710	112.5	111.3
江西	58616	余江	2825	11679	78.7	77.5
江西	58618	东乡	2827	11661	85.9	84.7
江西	58619	临川	2789	11626	74.9	73.7
江西	58620	乐平	2902	11710	52.4	51.2
江西	58622	德兴	2895	11757	80.7	79.5
江西	58623	上饶县	2846	11790	122.5	121.3
江西	58624	弋阳	2839	11745	67.4	66.2
江西	58625	横峰	2839	11760	104.2	103.0
江西	58626	贵溪	2831	11725	62.0	60.8
江西	58627	鹰潭	2831	11706	56.9	55.7
江西	58629	铅山	2829	11771	103.0	101.8
江西	58634	玉山	2868	11825	117.5	116.3
江西	58635	广丰	2845	11819	151.2	150.0
江西	58637	上饶	2844	11798	119.7	118.5
江西	58693	新建	2854	11561	64.5	63.3
江西	58701	新干	2775	11539	46.0	44.8
江西	58704	峡江	2758	11535	103.1	101.9
江西	58705	永丰	2734	11542	86.9	85.7
江西	58706	乐安	2742	11583	182.8	181.6
江西	58707	吉水	2721	11513	66.3	65.1
江西	58710	崇仁	2774	11602	89.3	88.1
江西	58712	金溪	2791	11678	130.5	129.3
江西	58713	资溪	2771	11707	226.3	225.1
江西	58714	宜黄	2755	11623	118.6	117.4
江西	58715	南城	2758	11664	82.2	81.0
江西	58718	南丰	2720	11656	129.9	128.7
江西	58719	黎川	2730	11691	130.6	129.4
江西	58804	兴国	2629	11535	185.2	184.0
江西	58806	宁都	2648	11601	208.0	206.8
江西	58813	广昌	2683	11631	167.5	166.3
江西	58814	石城	2635	11635	281.4	280.2
山东	58002	曹县	3485	11558	51.8	50.6
山东	58003	成武	3494	11588	46.6	45.4
山东	58011	单县	3481	11607	46.6	45.4
山东	58020	微山	3477	11714	36.7	35.5
山东	58021	薛城	3479	11728	81.7	80.5
山东	58022	峄城	3477	11748	84.6	83.4
山东	58024	枣庄	3487	11758	78.9	77.7
山东	58025	台儿庄	3460	11772	30.5	29.3
山东	58030	苍山	3488	11801	45.7	44.5
山东	58032	临沭	3495	11865	91.3	90.1
山东	54709	武城	3723	11607	26.0	24.8
山东	54712	临邑	3720	11681	19.7	18.5
山东	54714	德州	3736	11634	26.6	25.4
山东	54715	陵县	3731	11652	18.8	17.6
山东	54716	宁津	3767	11680	18.5	17.3
山东	54722	无棣	3775	11763	8.0	6.8
山东	54723	阳信	3764	11757	9.7	8.5
山东	54724	商河	3732	11714	16.0	14.8
山东	54725	惠民	3749	11753	12.9	11.7
山东	54726	乐陵	3770	11718	12.7	11.5
山东	54727	章丘	3665	11752	264.2	263.0
山东	54728	庆云	3776	11735	11.7	10.5
山东	54729	高青	3717	11787	12.7	11.5
山东	54734	滨州	3735	11803	19.0	17.8
山东	54736	东营	3744	11867	7.2	6.0
山东	54744	垦利	3758	11855	9.7	8.5
山东	54749	莱州	3719	11994	49.3	48.1
山东	54751	长岛	3794	12073	40.9	39.7
山东	54752	蓬莱	3779	12076	61.9	60.7
山东	54753	龙口	3764	12034	6.0	4.8
山东	54755	招远	3733	12039	119.0	117.8
山东	54759	栖霞	3733	12085	194.0	192.8
山东	54764	福山	3748	12124	49.0	47.8
山东	54765	烟台	3748	12144	83.2	82.0
山东	54776	成山头	3740	12270	48.9	47.7
山东	54777	文登	3721	12206	119.2	118.0
山东	54802	临清	3681	11573	35.2	34.0
山东	54806	聊城	3635	11598	37.3	36.1
山东	54807	阳谷	3615	11577	42.2	41.0
山东	54808	莘县	3622	11563	39.9	38.7
山东	54812	齐河	3674	11672	25.9	24.7
山东	54814	茌平	3653	11626	30.9	29.7
山东	54815	东阿	3638	11626	30.1	28.9
山东	54816	长清	3652	11680	100.1	98.9
山东	54818	平阴	3626	11642	81.1	79.9
山东	54819	肥城	3618	11679	113.5	112.3
山东	54821	济阳	3700	11721	21.6	20.4
山东	54822	邹平	3687	11774	48.6	47.4
山东	54823	济南	3660	11701	171.5	170.3
山东	54824	淄川	3665	11791	206.6	205.4
山东	54825	博山	3652	11785	190.9	189.7
山东	54826	泰山	3626	11711	 	1521.2
山东	54827	泰安	3616	11715	126.9	125.7
山东	54828	莱芜	3623	11768	230.5	229.3
山东	54829	周村	3677	11786	86.9	85.7
山东	54830	淄博	3683	11795	 	34.7
山东	54831	青州	3666	11850	103.9	102.7
山东	54832	寿光	3686	11880	24.6	23.4
山东	54833	桓台	3697	 	16.3	15.1
山东	54834	临淄	3686	11828	47.5	46.3
山东	54835	临朐	3647	11856	150.7	149.5
山东	54836	沂源	 	11817	306	305.1
山东	54837	昌乐	3668	11884	80.0	78.8
山东	54841	昌邑	 	11942	22.5	21.3
山东	54842	平度	3679	11999	63.4	62.2
山东	54843	潍坊	3676	11920	23.4	22.2
山东	54844	安丘	3642	11918	63.9	62.7
山东	54846	高密	3639	11974	52.7	51.5
山东	54848	诸城	3596	11949	110.2	109.0
 

山东	54849	胶州	3622	12003	85.5	84.3
山东	54851	莱西	3690	12056	78.1	77
山东	54852	莱阳	3697	12072	42.8	41.6
山东	54853	崂山	3613	12052	55.3	54.1
山东	54855	即墨	3640	12038	49.0	47.8
山东	54857	青岛	3607	12033	77.3	76.1
山东	54861	乳山	3693	12154	46.6	45.4
山东	54863	海阳	3678	12118	42.1	40.9
山东	54871	石岛	3693	12248	8.0	6.8
山东	54904	鄄城	3558	11552	49.6	48.4
山东	54905	郓城	3559	11593	47.4	46.2
山东	54906	菏泽	3531	11553	51.9	50.7
山东	54907	鱼台	3498	11665	35.5	34.3
山东	54908	东明	3527	11511	58.5	57.3
山东	54909	定陶	3509	11552	52.7	51.5
山东	54910	梁山	3581	11606	42.1	40.9
山东	54911	东平	3593	11640	45.2	44.0
山东	54912	汶上	3577	11651	43.0	41.8
山东	54913	宁阳	3580	11681	68.8	67.6
山东	54914	巨野	3542	11609	41.8	40.6
山东	54915	济宁	3544	11660	34.5	33.3
山东	54916	兖州	3553	11684	44.5	43.3
山东	54917	金乡	3514	11633	35.4	34.2
山东	54918	曲阜	3560	11697	63.5	62.3
山东	54919	邹城	3538	11698	91.0	89.8
山东	54920	泗水	3566	11729	111.6	110.4
山东	54921	嘉祥	3544	11629	38.3	37.1
山东	54922	新泰	3586	11775	207.2	206.0
山东	54923	蒙阴	3573	11795	287.7	286.5
山东	54925	平邑	3549	11768	162.4	161.2
山东	54927	滕州	3510	11720	72.9	71.7
山东	54929	费县	3525	11801	164.4	163.2
山东	54932	沂水	3576	11865	189.8	188.6
山东	54935	沂南	3551	11844	134.8	133.6
山东	54936	莒县	3557	11884	107.4	106.2
山东	54938	临沂	3525	11842	125	124.0
山东	54939	莒南	3517	11882	115.0	113.8
山东	54940	五莲	3575	11921	149.4	148.2
山东	54943	黄岛	3583	12003	6.9	5.7
山东	54945	日照	3547	11956	65.6	64.4
河南	53889	林州	3606	11384	399.2	398.0
河南	53898	安阳	3605	11414	196.0	194.8
河南	53972	沁阳	3505	11290	118.7	117.5
河南	53974	淇县	3561	11423	71.6	70.4
河南	53978	济源	3509	11263	141.3	140.1
河南	53979	博爱	3516	11308	121.2	120.0
河南	53982	焦作	3524	11327	113.2	112.0
河南	53983	封丘	3503	11441	70.8	69.6
河南	53984	修武	3523	11346	83.9	82.7
河南	53985	辉县	3549	11381	141.9	140.7
河南	53986	新乡	3523	11401	75.8	74.6
河南	53987	武陟	3511	11336	95.7	95
河南	53988	获嘉	3527	11372	78.6	77.4

河南	53989	原阳	3508	11398	77.1	75.9
河南	53991	汤阴	3592	11433	94.2	93.0
河南	53992	浚县	3566	11452	59.4	58.2
河南	53993	内黄	3594	11491	52.8	51.6
河南	53994	卫辉	3543	11410	70.3	69.1
河南	53995	滑县	3552	11445	63.1	62.1
河南	53997	延津	3518	11420	71.8	70.6
河南	53998	长垣	3519	11466	62.8	61.6
河南	54817	台前	3598	11586	44.3	42.1
河南	54900	濮阳	3570	11503	54.9	53.7
河南	54901	南乐	3606	11524	47.8	46.6
河南	54902	清丰	3594	11514	50.5	49.3
河南	54903	范县	3585	11548	47.2	46.0
河南	57051	三门峡	3472	11124	576.8	575.6
河南	57056	灵宝	3454	11086	481.7	480.5
河南	57063	渑池	3475	11176	543.2	542.0
河南	57066	洛宁	3440	11167	409.4	408.2
河南	57070	新安	3475	11212	365.2	364.0
河南	57071	孟津	3480	11247	330.3	329.1
河南	57072	孟州	3491	11276	128.7	127.5
河南	57074	伊川	3442	11240	253.4	252.2
河南	57075	汝州	3424	11289	439.8	438.6
河南	57076	偃师	3474	11279	190.7	189.5
河南	57078	汝阳	3416	11247	337.7	336.5
河南	57079	温县	3495	11304	107.6	106.4
河南	57080	巩义	3481	11298	252.3	251.1
河南	57081	荥阳	3479	11340	142.1	140.9
河南	57082	登封	3449	11311	414.4	413.2
河南	57083	郑州	3471	11366	111.6	110.4
河南	57084	嵩山	3449	11305	1179.6	1178.4
河南	57085	新密	3454	11334	261.1	259.9
河南	57086	新郑	3438	11372	117.8	116.6
河南	57087	长葛	3427	11374	105.3	104.1
河南	57088	禹州	3419	11350	147.2	146.0
河南	57089	许昌	3407	11393	68.4	67.2
河南	57090	中牟	3475	11404	81.8	80.6
河南	57091	开封	3480	11430	74.9	73.7
河南	57093	兰考	3486	11480	72.0	70.8
河南	57094	尉氏	3441	11423	68.5	67.4
河南	57095	鄢陵	3411	11416	62.3	61.1
河南	57096	杞县	3454	11478	60.9	59.7
河南	57098	扶沟	3408	11441	59.3	58.3
河南	57099	太康	3407	11485	53.6	52.6
河南	57156	西峡	3331	11149	251.5	250.3
河南	57162	嵩县	3414	11207	441.9	440.7
河南	57169	内乡	3315	11189	222.4	221.2
河南	57173	鲁山	3376	11289	146.9	145.7
河南	57175	镇平	3308	11224	240.9	239.7
河南	57176	南召	3343	11246	245.2	244.0
河南	57177	舞钢	3332	11350	222.2	221.0
河南	57178	南阳	3310	11249	181.8	180.6
河南	57179	方城	3328	11299	165.5	164.3
河南	57180	郏县	3403	11321	185.4	184.2

河南	57181	宝丰	3387	11304	137.6	136.4
河南	57182	襄城	3385	11352	81.6	80.4
河南	57183	临颍	3380	11393	61.2	60.0
河南	57184	叶县	3363	11330	89.2	88.0
河南	57185	舞阳	3346	11359	92.3	91.1
河南	57186	漯河	3360	11406	59.8	58.7
河南	57187	社旗	3304	11296	118.0	116.8
河南	57188	西平	3337	11404	57.1	55.9
河南	57189	遂平	3315	11396	65.8	64.6
河南	57190	黄泛区农试	3374	11442	51.7	50.5
河南	57191	通许	3451	11447	65.4	64.2
河南	57192	淮阳	3371	11489	45.3	44.3
河南	57193	西华	3378	11458	53.7	52.5
河南	57194	上蔡	3327	11430	54.6	53.4
河南	57195	川汇区	3361	11463	47.8	46.6
河南	57196	项城	3341	11487	44.6	43.6
河南	57197	汝南	3296	11435	54.1	52.9
河南	57198	商水	3350	11456	45.8	44.6
河南	57261	淅川	3312	11152	249.6	248.4
河南	57271	新野	3258	11237	90.7	89.5
河南	57273	唐河	3273	11280	120.2	119.0
河南	57274	邓州	3270	11198	121.2	120.0
河南	57281	泌阳	3268	11330	162.0	160.8
河南	57285	桐柏	3236	11340	184.8	183.6
河南	57290	驻马店	3294	11391	107.9	106.7
河南	57292	平舆	3290	11462	46.1	44.9
河南	57293	新蔡	3274	11498	39.2	38.0
河南	57294	确山	3280	11395	114.9	113.7
河南	57295	正阳	3262	11433	86.2	85.0
河南	57296	息县	3234	11466	35.4	34.2
河南	57297	信阳	3214	11404	115.7	114.5
河南	57298	罗山	3221	11454	56.2	55.4
河南	57299	光山	3203	11488	63.2	62.0
河南	57390	鸡公山	3180	11407	734.7	733.5
河南	57396	新县	3164	11487	129.9	128.7
河南	58001	睢县	3448	11503	60.0	58.8
河南	58004	民权	3462	11519	62.8	61.6
河南	58005	商丘	3444	11554	52.0	50.8
河南	58006	虞城	3439	11588	47.9	46.7
河南	58007	柘城	3410	11536	46.9	45.7
河南	58008	宁陵	3449	11532	57.0	55.8
河南	58017	夏邑	3428	11615	43.8	42.6
河南	58100	郸城	3363	11514	43.4	42.4
河南	58101	鹿邑	3388	11549	42.3	41.3
河南	58104	沈丘	3340	11505	42.4	41.2
河南	58111	永城	3386	11643	33.3	32.1
河南	58205	淮滨	3249	11545	28.8	27.7
河南	58207	潢川	3216	11505	44.0	42.8
河南	58208	固始	3226	11564	38.0	36.8
河南	58301	商城	3182	11539	93.3	92.1
湖北	57249	竹溪	3232	10969	449.4	448.2
湖北	57251	郧西	3300	11041	318.5	317.3
湖北	57253	郧县	3284	11087	246.0	244.8
湖北	57256	十堰	3266	11077	287.7	286.5
湖北	57257	竹山	3223	11023	308.2	307.0
湖北	57259	房县	3205	11075	428.1	426.9
湖北	57260	丹江口	3255	11151	134.6	133.4
湖北	57265	老河口	3243	11173	133.3	132.1
湖北	57268	谷城	3227	11162	121.2	120.0
湖北	57278	襄阳	3200	11208	164.6	163.4
湖北	57279	枣阳	3214	11276	126.7	125.5
湖北	57355	巴东	3105	11035	338.7	337.5
湖北	57359	兴山	3135	11074	338.0	336.8
湖北	57361	保康	3188	11126	328.9	327.7
湖北	57362	神农架	3175	11066	936.4	935.2
湖北	57363	南漳	3180	11183	152.2	151.0
湖北	57370	宜城	3173	11222	69.0	67.8
湖北	57377	荆门	3099	11221	193.1	191.9
湖北	57378	钟祥	3120	11263	109.2	108.0
湖北	57381	随州	3162	11334	107.7	106.5
湖北	57386	孝昌	3125	11400	52.8	51.6
湖北	57387	京山	3100	11313	85.8	84.6
湖北	57388	安陆	3126	11369	54.9	53.7
湖北	57389	云梦	3103	11375	33.4	32.2
湖北	57395	大悟	3159	11417	121.2	120.0
湖北	57398	红安	3128	11462	75.5	74.3
湖北	57399	麻城	3113	11496	75.5	74.3
湖北	57439	利川	3029	10889	1124.6	1123.4
湖北	57445	建始	3061	10972	610.4	609.2
湖北	57447	恩施	3029	10947	455.6	454.4
湖北	57453	夷陵区	3076	11142	189.3	188.1
湖北	57458	五峰	3015	11107	244.4	243.2
湖北	57461	宜昌	3074	11136	257.7	256.5
湖北	57464	长阳	3047	11118	179.1	177.9
湖北	57465	宜都	3036	11143	121.3	120.1
湖北	57469	松滋	3018	11168	107.8	106.6
湖北	57475	潜江	3038	11288	33.5	32.3
湖北	57476	荆州	3035	11215	33.0	31.8
湖北	57477	公安	3007	11222	39.6	38.4
湖北	57481	应城	3096	11358	31.6	30.4
湖北	57482	孝感	3090	11395	26.7	25.5
湖北	57483	天门	3067	11313	33.1	31.9
湖北	57484	沙洋	3074	11255	58.4	57.2
湖北	57485	仙桃	3030	11348	25.5	 
湖北	57486	汉川	3066	11384	26.2	25.0
湖北	57489	蔡甸	3052	11401	24.8	23.6
湖北	57492	新洲	3084	11484	 	40.7
湖北	57494	武汉	3060	11405	24.8	23.6
湖北	57495	团风	3067	11507	63.0	61.8
湖北	57496	鄂州	3026	11461	 	35.3
湖北	57498	黄冈	3052	11494	27.4	26.2
湖北	57499	大冶	3007	11488	41.5	40.3
湖北	57540	咸丰	2968	 	778.1	776.9
湖北	57541	宣恩	3000	10948	599.3	598.1
湖北	57543	鹤峰	2988	11003	541.0	539.8
 

湖北	57545	来凤	2953	10942	504.0	502.8
湖北	57571	石首	2966	11241	38.6	37.4
湖北	57573	监利	2988	11290	27.4	26.2
湖北	57581	 	2981	11344	25.9	24.7
湖北	57582	赤壁	2972	11388	48.1	46.9
湖北	57583	嘉鱼	2992	11397	62.9	61.7
湖北	 	崇阳	2957	11403	135.8	134.6
湖北	57589	通城	2927	11388	147.4	146.2
湖北	57590	咸宁	2985	11437	100.0	98.8
湖北	57596	金沙	2964	11421	752.8	751.6
湖北	58401	罗田	3075	11540	124.3	123.1
湖北	58402	英山	3073	11567	123.1	121.9
湖北	58404	浠水	3047	11522	63.0	61.8
湖北	58408	蕲春	3024	11547	72.9	71.7
湖北	58409	黄梅	3010	11593	33.2	32.0
湖北	58500	阳新	2990	11522	58.2	57.0
湖北	58501	武穴	2993	11563	24.7	23.5
湖南	57544	龙山	2946	10944	479.8	478.6
湖南	57554	桑植	2940	11016	320.0	318.8
湖南	57558	张家界	2912	11042	219.7	218.5
湖南	57562	石门	2958	11136	118.1	116.9
湖南	57564	慈利	2943	11109	169.9	168.7
湖南	57565	澧县	2967	11173	39.3	38.1
湖南	57566	临澧	2947	11167	87.2	86.0
湖南	57574	南县	2935	11243	41.5	40.3
湖南	57575	华容	2954	11260	50.7	49.5
湖南	57577	安乡	2941	11221	34.8	33.6
湖南	57584	岳阳	2938	11309	54.2	53.0
湖南	57585	临湘	2948	11345	61.6	60.4
湖南	57640	花垣	2858	10946	342.2	341.0
湖南	57642	保靖	2868	10965	439.3	438.1
湖南	57643	永顺	2901	10984	269.4	268.2
湖南	57646	古丈	2868	10998	295.2	294.0
湖南	57649	吉首	2824	10968	255.8	254.6
湖南	57655	沅陵	2846	11040	152.8	151.6
湖南	57657	泸溪	2823	11021	188.4	187.2
湖南	57658	辰溪	2801	11019	154.0	152.8
湖南	57661	桃源	2891	11148	49.9	48.7
湖南	57662	常德	2912	11168	151.8	150.6
湖南	57663	汉寿	2892	11196	33.1	31.9
湖南	57666	桃江	2851	11217	138.1	136.9
湖南	57669	安化	2838	11125	197.2	196.0
湖南	57671	沅江	2884	11237	38.2	37.0
湖南	57673	湘阴	2873	11293	64.2	63.0
湖南	57674	赫山	2857	11238	47.5	46.3
湖南	57678	宁乡	2825	11254	72.5	71.3
湖南	57679	马坡岭	2821	11320	102.6	101.4
湖南	57680	汨罗	2886	11311	83.7	82.5
湖南	57682	平江	2871	11357	107.5	106.3
湖南	57687	长沙	2811	11279	120.2	119.0
湖南	57688	浏阳	2816	11363	102.3	101.1
湖南	57740	凤凰	2795	10960	350.8	349.6
湖南	57743	麻阳	2786	10981	196.8	195.6

湖南	57744	新晃	2737	10916	356.7	355.5
湖南	57745	芷江	2746	10968	273.4	272.2
湖南	57752	溆浦	2791	11060	205.2	204.0
湖南	57754	洪江	2721	10984	253.2	252.0
湖南	57760	冷水江	2770	11144	250.4	249.2
湖南	57761	新化	2775	11129	213.1	211.9
湖南	57762	涟源	2771	11168	250.4	249.2
湖南	57763	娄底	2769	11200	207.0	205.8
湖南	57771	韶山	2793	11253	89.5	88.3
湖南	57772	湘乡	2775	11251	82.5	81.3
湖南	57773	湘潭	2788	11283	65.0	63.8
湖南	57774	双峰	2746	11222	153.7	152.5
湖南	57776	南岳	2730	11269	1267.1	1265.9
湖南	57777	衡山	2726	11284	160.3	159.1
湖南	57778	衡东	2705	11299	110.6	109.4
湖南	57779	攸县	2706	11335	116.4	115.2
湖南	57780	株洲	2787	11317	75.8	74.6
湖南	57781	醴陵	2764	11351	73.9	72.7
湖南	57845	通道	2617	10978	398.7	397.5
湖南	57865	冷水滩	2650	11162	194.0	192.8
湖南	57866	永州	2623	11162	173.8	172.6
湖南	57867	东安	2640	11129	170.2	169.0
湖南	57868	祁阳	2655	11186	164.5	163.3
湖南	57870	祁东	2676	11208	220.1	218.9
湖南	57871	衡阳县	2697	11237	92.0	90.8
湖南	57872	衡阳	2698	11259	119.7	118.5
湖南	57874	常宁	2641	11239	117.8	116.6
湖南	57875	衡南	2676	11269	138.2	137
湖南	57876	耒阳	2643	11283	136.2	135.0
湖南	57881	安仁	2671	11329	193.9	192.7
湖南	57882	茶陵	2679	11355	134.4	133.2
湖南	57886	炎陵	2648	11379	256.5	255.3
湖南	57887	永兴	2612	11312	168.7	167.5
湖南	57889	桂东	2608	11395	835.3	834.1
湖南	57962	双牌	2603	11166	206.2	205.0
湖南	57965	道县	2553	11160	193.4	192.2
湖南	57966	宁远	2559	11196	245.4	244.2
湖南	57969	江永	2528	11131	260.6	259.4
湖南	57971	新田	2591	11221	225.4	224.2
湖南	57972	郴州	2574	11298	369.8	368.6
湖南	57973	桂阳	2575	11273	330.3	329.1
湖南	57974	嘉禾	2558	11237	215.7	214.5
湖南	57975	蓝山	2540	11217	347.1	345.9
湖南	57976	宜章	2541	11294	224.0	222.8
湖南	57978	临武	2527	11255	293.2	292.0
湖南	57981	资兴	2597	11322	140.5	139.3
湖南	57985	汝城	2551	11368	646.8	645.6
湖南	59063	江华	2518	11157	266.9	265.7
广东	59071	连南	2473	11228	175.5	174.3
广东	59072	连州	2481	11237	132.9	131.7
广东	59074	连山	2457	11207	301.8	300.6
广东	59075	阳山	2430	11257	156.4	155.2
广东	59081	乳源	2478	11329	126.5	125.3

广东	59082	韶关	2467	11361	122.5	121.3
广东	59087	佛冈	2388	11352	98.4	97.2
广东	59088	英德	2419	11341	75.6	74.4
广东	59090	始兴	2496	11405	145.1	143.9
广东	59094	翁源	2435	11412	178.8	177.6
广东	59096	连平	2439	11450	284.7	283.9
广东	59097	新丰	2404	11421	270.5	269.3
广东	59099	和平	2447	11494	210.4	209.2
广东	59106	平远	2456	11587	202.0	200.8
广东	59107	龙川	2411	11528	180.8	179.6
广东	59109	兴宁	2417	11572	124.8	123.6
广东	59114	蕉岭	2465	11617	136.9	135.7
广东	59116	大埔	2435	11671	225.6	224.4
广东	59117	梅县	2428	11607	117.2	116.0
广东	59264	封开	2340	11151	84.9	83.7
广东	59268	郁南	2326	11154	71.8	70.6
广东	59269	德庆	2316	11184	130.0	128.8
广东	59270	怀集	2394	11219	108.4	107.2
广东	59271	广宁	2364	11242	93.9	92.7
广东	59276	四会	2334	11264	41.3	40.1
广东	59278	高要	2299	11248	61.2	60.0
广东	59279	三水	2320	11288	25.2	24.0
广东	59280	清远	2371	11309	80.4	79.2
广东	59284	花都	2342	11324	40.1	38.9
广东	59285	从化	2358	11362	150.9	149.7
广东	59287	广州	2321	11348	71.9	70.7
广东	59288	南海	2315	11301	31.3	30.1
广东	59289	东莞	2297	11374	57.2	56.0
广东	59290	龙门	2378	11425	86.7	85.5
广东	59293	河源	2378	11477	116.3	115.1
广东	59294	增城	2334	11383	31.9	30.7
广东	59297	博罗	2318	11426	51.4	50.2
广东	59298	惠阳	2307	11437	109.7	108.5
广东	59303	五华	2391	11575	137.1	135.9
广东	59304	紫金	2365	11517	300.9	299.7
广东	59306	揭西	2345	11585	82.1	80.9
广东	59310	丰顺	2377	11617	46.5	45.3
广东	59312	潮州	2367	11670	61.9	60.7
广东	59313	饶平	2369	11700	91.6	90.4
广东	59314	普宁	2340	11620	70.2	69.0
广东	59315	揭阳	2359	11640	45.1	43.9
广东	59316	汕头	2339	11668	3.5	2.3
广东	59317	惠来	2298	11630	43.2	42.0
广东	59318	潮阳	2332	11658	142.3	141.1
广东	59319	澄海	2351	11673	43.4	42.2
广东	59324	南澳	2343	11703	9.2	8.0
广东	59456	信宜	2235	11093	142.6	141.4
广东	59462	罗定	2271	11160	61.2	60.0
广东	59469	阳春	2216	11179	38.8	37.6
广东	59470	新兴	2276	11221	76.2	75.0
广东	59471	云浮	2294	11205	102.6	101.4
广东	59473	鹤山	2274	11298	48.5	47.3
广东	59475	开平	2240	11265	30.5	29.3
广东	59476	新会	2253	11304	37.5	36.3
广东	59477	恩平	2227	11223	70.5	69.3
广东	59478	台山	2225	11279	34.3	33.1
广东	59480	顺德	2283	11323	56.5	55
广东	59481	番禺	2296	11336	67.8	66.6
广东	59485	中山	2251	11341	35.0	33.8
广东	59487	斗门	2223	11330	24.3	23.1
广东	59488	珠海	2228	11357	52.6	51.4
广东	59492	惠东	2303	11467	86.2	85.0
广东	59493	深圳	2254	11400	64.2	63.0
广东	59500	海丰	2302	11531	46.8	45.6
广东	59501	汕尾	2279	11536	17.9	16.7
广东	59502	陆丰	2297	11565	33.2	32.0
广东	59650	遂溪	2140	11024	30.9	29.7
广东	59653	高州	2194	11086	78.2	77.0
广东	59654	廉江	2163	11030	29.1	27.9
广东	59655	化州	2165	11061	33.1	31.9
广东	59656	吴川	2141	11081	28.5	27.3
广东	59658	湛江	2116	11030	54.6	53.4
广东	59659	茂名	2175	11091	34.7	33.5
广东	59663	阳江	2185	11198	91.5	90.3
广东	59664	电白	2155	11099	33.0	31.8
广东	59673	上川岛	2174	11277	23.1	21.9
广东	59750	雷州	2096	11007	34.8	33.6
广东	59754	徐闻	2024	11017	13	11.4
广东	57988	乐昌	2511	11335	144.4	143.2
广东	57989	仁化	2506	11376	113.9	112.7
广东	57996	南雄	2508	11426	150.9	149.7
广西	57859	资源	2603	11064	410.0	408.8
广西	57927	天峨	2497	10718	413	412.0
广西	57941	三江	2577	10961	306.7	305.5
广西	57942	龙胜	2580	11000	269.6	268.4
广西	57947	融安	2524	10941	162.5	161.3
广西	57948	融水	2511	10925	239.5	238.3
广西	57949	永福	2499	10999	158.6	157.4
广西	57954	临桂	2523	11015	223.7	222.5
广西	57955	兴安	2562	11066	225.4	224.2
广西	57956	灵川	2543	11034	192.2	191.0
广西	57957	桂林	2532	11031	165.6	164.4
广西	57960	全州	2594	11107	197.6	196.4
广西	57964	灌阳	2549	11115	264.3	263.1
广西	59001	隆林	2477	10536	790.2	789.0
广西	59004	西林	2450	10509	 	829.5
广西	59012	乐业	2475	10656	1032.1	1030.9
广西	59015	凌云	2438	10654	545.8	544.6
广西	59017	田林	2427	10626	 	277.3
广西	59021	凤山	2455	10703	510.6	509.4
广西	59023	河池	2469	10804	261.5	260.3
广西	59025	东兰	2454	 	250.2	249.0
广西	59027	巴马	2414	10724	256.4	255.2
广西	59031	环江	2481	10826	343.9	342.7
广西	59034	宜州	2448	10864	186.3	185.1
广西	59037	都安	2394	10811	172.3	171.1
 

广西	59038	忻城	2402	10865	148.7	147.5
广西	59041	柳城	2465	10925	219.8	218.6
广西	59044	沙塘	2449	10937	203.4	202.2
广西	59045	鹿寨	2449	10979	132.5	131.3
广西	59046	 	2436	10946	307.0	305.8
广西	59047	柳江	2424	10928	134.9	133.7
广西	59052	恭城	2484	11082	171.4	170.2
广西	 	平乐	2465	11064	158.8	157.6
广西	59055	荔浦	2450	11040	166.9	165.7
广西	59057	金秀	2414	11019	832.2	831.0
广西	59058	蒙山	2420	11051	183.1	181.9
广西	59059	昭平	2418	11081	107.1	105.9
广西	59065	贺州	2442	11151	150.0	148.8
广西	59209	那坡	2341	10582	857.0	855.8
广西	59211	百色	2390	10661	176.0	174.8
广西	59215	德保	2333	10663	681.2	680.0
广西	59218	靖西	2310	10646	725.9	724.7
广西	59224	田东	2367	10714	156.4	155.2
广西	59227	天等	2311	10714	455.3	454.1
广西	59228	平果	2329	10757	147.6	146.4
广西	59229	隆安	2317	10771	127.3	126.1
广西	59230	马山	2372	10812	220.5	219.3
广西	59235	上林	2338	10862	141.5	140.3
广西	59237	武鸣	2319	10830	156.5	155.3
广西	59238	宾阳	2325	10883	129.2	128.0
广西	59241	象州	2398	10970	125.5	124.3
广西	59242	来宾	2376	10915	97.8	96.6
广西	59246	武宣	2359	10966	71.4	70.2
广西	59255	平南	2354	11042	84.2	83.0
广西	59256	藤县	2337	11091	106.7	105.5
广西	59265	梧州	2348	11130	116.0	114.8
广西	59266	苍梧	2338	11126	78.9	77.7
广西	59419	凭祥	2206	10674	350.0	348.8
广西	59421	大新	2286	10717	279.8	278.6
广西	59429	上思	2218	10801	217.1	215.9
广西	59431	南宁	2278	10855	153.3	152.1
广西	59435	邕宁	2269	10845	108.1	106.9
广西	59441	横县	2280	10925	89.9	88.7
广西	59446	灵山	2242	10930	68.0	66.8
广西	59448	浦北	2226	10955	71.5	70.3
广西	59449	博白	2230	10999	87.3	86.1
广西	59451	北流	2266	11038	156.3	155
广西	59452	容县	2283	11053	134.5	133.3
广西	59454	岑溪	2295	11099	203.2	202.0
广西	59457	陆川	2232	11027	123.8	122.6
广西	59632	钦州	2198	10860	50.5	49.3
广西	59635	防城港	2167	10839	50.5	49.3
广西	59640	合浦	2166	10919	7.6	6.4
广西	59644	北海	2145	10918	11.5	10.3
海南	59757	琼山	2001	11036	12.8	11.6
海南	59758	海口	1999	11025	64.7	63.5
海南	59838	东方	1909	10862	7.3	6.1
海南	59842	临高	1990	10968	33.9	32.7

海南	59843	澄迈	1974	11002	32.6	31.4
海南	59845	儋州	1951	10958	169.4	168.2
海南	59847	昌江	1926	10905	98.4	97.2
海南	59848	白沙	1923	10944	217.4	216.2
海南	59849	琼中	1904	10984	302.0	300.8
海南	59851	定安	1967	11034	54.6	53.4
海南	59854	屯昌	1936	11010	118.7	117.5
海南	59855	琼海	1921	11048	24.6	23.4
海南	59856	文昌	1961	11075	22.0	20.8
海南	59941	五指山	1877	10952	329.4	328.2
海南	59945	保亭	1864	10970	71.1	69.9
海南	59951	万宁	1880	11033	41.6	40.4
重庆	57333	城口	3195	10866	794.0	792.8
重庆	57338	开县	3117	10843	458.0	456.8
重庆	57339	云阳	3094	10869	294.1	292.9
重庆	57345	巫溪	3140	10962	336.7	335.5
重庆	57348	奉节	3103	10948	300.7	299.5
重庆	57349	巫山	3108	10986	608.0	606.8
重庆	57409	潼南	3021	10578	332.9	331.7
重庆	57425	垫江	3031	10740	417.3	416.1
重庆	57431	天城	3083	10835	256.2	255.0
重庆	57432	万州	3080	10841	526.3	525.1
重庆	57437	忠县	3030	10802	327.1	325.9
重庆	57438	石柱	2999	10812	632.3	631.1
重庆	57502	大足	2971	10569	542.3	541.1
重庆	57505	荣昌	2941	10559	339.6	338.4
重庆	57506	永川	2936	10590	354.9	353.7
重庆	57509	万盛	2899	10692	601.5	600.3
重庆	57510	铜梁	2986	10606	327.5	326.3
重庆	57511	北碚	2984	10644	242.0	240.8
重庆	57512	合川	2997	10626	365.7	364.5
重庆	57513	渝北	2974	10663	466.1	464.9
重庆	57514	璧山	2959	10622	332.8	331.6
重庆	57516	沙坪坝	2958	10646	260.4	259.2
重庆	57517	江津	2928	10626	262.5	261.3
重庆	57518	巴南	2934	10649	507.3	506.1
重庆	57519	南川	2916	10711	700.0	698.9
重庆	57520	长寿	2984	10707	378.8	377.6
重庆	57523	丰都	2990	10776	393.0	391.8
重庆	57525	武隆	2932	10775	408.2	407.0
重庆	57536	黔江	2952	10876	788.2	787.0
重庆	57537	彭水	2929	10816	323.4	322.2
重庆	57612	綦江	2901	10665	476.2	475.0
重庆	57633	酉阳	2882	10877	827.7	826.5
重庆	57635	秀山	2837	10902	549.9	548.7
四川	56374	康定	3006	10196	2607.5	2606.3
四川	56376	汉源	2934	10264	1099.8	1098.6
四川	56378	石棉	2923	10235	891.9	890.7
四川	56380	洪雅	2988	10336	572.4	571.2
四川	56381	丹棱	3007	10349	631.1	629.9
四川	56382	夹江	2975	10355	476.20	475.0
四川	56383	青神	2984	10387	456.7	455.5
四川	56384	峨眉	2960	10359	424.7	423.5

四川	56385	峨眉山	2952	10334	3071.1	3069.9
四川	56386	乐山	2957	10376	425.4	424.2
四川	56387	峨边	2923	10326	644.3	643.1
四川	56389	犍为	2920	10394	388.5	387.3
四川	56390	井研	2966	10407	406.2	405.0
四川	56391	眉山	3006	10388	485.2	484.0
四川	56393	资中	2977	10485	370.5	369.3
四川	56394	荣县	2946	10443	384.4	383.2
四川	56395	威远	2952	10466	352.1	350.9
四川	56396	自贡	2936	10477	354.6	353.4
四川	56399	富顺	2918	10499	307.6	306.4
四川	56441	得荣	2871	9929	2412.7	2411.5
四川	56443	乡城	2894	9980	2845.4	2844.2
四川	56459	木里	2793	10128	2377.6	2376.4
四川	56462	九龙	2901	10150	2925.6	2924.4
四川	56473	甘洛	2896	10277	1059.4	1058.2
四川	56474	冕宁	2855	10217	1772.7	1771.5
四川	56475	越西	2865	10251	1659.3	1658.1
四川	56478	喜德	2831	10241	1830.9	1829.7
四川	56479	昭觉	2800	10284	2062.2	2061.0
四川	56480	马边	2883	10353	564.4	563.2
四川	56485	雷波	2827	10358	1251.1	1249.9
四川	56487	美姑	2834	10313	1947.8	1946.6
四川	56490	沐川	2895	10390	425.2	424.0
四川	56491	宜宾县	2869	10451	478.1	476.9
四川	56492	宜宾	2877	10461	504.0	502.8
四川	56493	南溪	2885	10497	294.0	292.8
四川	56494	屏山	2884	10433	387.6	386.4
四川	56496	兴文	2833	10526	368.2	367.0
四川	56498	筠连	2815	10450	548.2	547.0
四川	56499	珙县	2845	10471	509.2	508.0
四川	56565	盐源	2744	10149	2518.0	2516.8
四川	56569	德昌	2741	10218	1380.4	1379.2
四川	56571	西昌	2790	10227	1590.8	1589.6
四川	56575	普格	2737	10255	1515.8	1514.6
四川	56578	宁南	2706	10274	1116.3	1115.1
四川	56580	布拖	2772	10281	2481.0	2479.8
四川	56584	金阳	2770	10325	1093.7	1093.0
四川	56592	高县	2844	10450	377.6	376.4
四川	56593	长宁	2860	10495	419.2	418.0
四川	56665	盐边	2669	10185	1141.6	1140.4
四川	56666	攀枝花	2658	10172	1226.0	1224.8
四川	56670	米易	2692	10212	1138.3	1137.1
四川	56671	会理	2646	10232	1812.6	1811.4
四川	56674	仁和	2650	10175	1281.8	1280.6
四川	56675	会东	2665	10258	1704.0	1702.8
四川	57204	青川	3257	10522	784.1	782.9
四川	57206	广元	3242	10590	546.6	545.4
四川	57208	剑阁	3228	10551	546.2	545.0
四川	57216	南江	3236	10683	580.6	579.4
四川	57217	旺苍	3222	10626	500.5	499.3
四川	57237	万源	3207	10803	673.4	672.2
四川	57303	苍溪	3174	10593	461.1	459.9
四川	57306	阆中	3158	10598	383.8	382.6
四川	57307	三台	3110	10508	461.1	459.9
四川	57308	盐亭	3122	10539	422.5	421.3
四川	57309	西充	3098	10588	379.6	378.4
四川	57313	巴中	3189	10679	557.9	556.7
四川	57314	南部	3134	10607	406.9	405.7
四川	57315	仪陇	3152	10640	656.9	655.7
四川	57317	蓬安	3102	10640	415.2	414.0
四川	57318	营山	3106	10658	407.4	406.2
四川	57320	通江	3193	10722	484.2	483.0
四川	57324	平昌	3158	10709	367.1	365.9
四川	57326	宣汉	3136	10772	391.5	390.3
四川	57328	达川	3121	10751	346.1	344.9
四川	57329	开江	3110	10785	469.9	469
四川	57401	射洪	3088	10537	384.4	383.2
四川	57402	蓬溪	3077	10571	387.7	386.5
四川	57405	遂宁	3051	10556	356.1	354.9
四川	57407	乐至	3028	10503	463.8	462.6
四川	57408	安岳	3011	10532	384.8	383.6
四川	57411	高坪	3075	10613	348.2	347.0
四川	57413	渠县	3086	10700	306.9	305.7
四川	57414	岳池	3052	10645	404.5	403.3
四川	57415	广安	3052	10664	373.5	372.3
四川	57416	邻水	3034	10694	393.6	392.4
四川	57417	武胜	3035	10629	317.2	316.0
四川	57420	大竹	3075	10719	419.2	418.0
四川	57503	东兴区	2962	10512	351.1	349.9
四川	57507	隆昌	2933	10530	387.0	385.8
四川	57508	泸县	2916	10538	303.0	301.8
四川	57600	江安	2871	10506	422.3	421.1
四川	57603	合江	2881	10583	283.9	282.7
四川	57608	叙永	2819	10541	549.6	548.4
四川	56038	石渠	3298	9810	4182.4	4181.2
四川	56079	若尔盖	3359	10296	3515.0	3513.8
四川	56097	九寨沟	3326	10425	1441.7	1440.5
四川	56144	德格	3180	9858	3225.8	3224.6
四川	56146	甘孜	3162	10000	3384.6	3383.4
四川	56147	白玉	3121	9883	3065.0	3063.8
四川	56152	色达	3228	10033	3899.9	3898.7
四川	56158	炉霍	3139	10066	3415.6	3414.4
四川	56164	壤塘	3227	10096	3294.1	3292.9
四川	56167	道孚	3097	10112	3009.8	3008.6
四川	56168	金川	3148	10207	2176.0	2174.8
四川	56171	阿坝	3290	10171	3271.6	3270.4
四川	56172	马尔康	3190	10223	2688.0	2686.8
四川	56173	红原	3279	10255	3498.0	3496.8
四川	56178	小金	3100	10236	2439.2	2438.0
四川	56180	茂县	3169	10385	1590.3	1589.1
四川	56181	崇州	3067	10370	542.4	 
四川	56182	松潘	3267	10360	2882.5	2881.3
四川	56183	汶川	3150	10362	1371.3	1370.1
四川	56184	理县	3144	10317	1893.2	1892.0
四川	56185	黑水	3208	10298	2400.6	2399.4
 

四川	56186	绵竹	3133	10419	590.1	588.9
四川	56187	温江	3075	10386	548.9	547.7
四川	56188	都江堰	3100	10367	690.3	689.1
四川	56189	彭州	3096	10395	581.7	580.5
四川	56197	什邡	3115	 	537.0	535.8
四川	56198	德阳	3132	10450	526.9	525.7
四川	56199	中江	3104	10471	460.8	459.6
四川	56247	巴塘	 	9911	2581.8	2580.6
四川	56251	新龙	3094	10031	3132.3	3131.1
四川	56257	理塘	2999	10023	4008.7	4007.5
四川	56263	 	3088	10188	1948.7	1947.5
四川	56267	雅江	3003	10102	2636.8	2635.6
四川	56272	郫县	3083	10390	559.8	558.6
四川	 	宝兴	3025	10283	815.2	814.0
四川	56276	新津	3046	10382	468.5	467.3
四川	56278	天全	3007	10278	819.7	818.5
四川	56279	芦山	3016	10294	745.2	744.0
四川	56280	名山	3008	10312	693.0	691.8
四川	56281	蒲江	3020	10349	579.6	578.4
四川	56284	邛崃	3044	10344	519.7	518.5
四川	56285	大邑	3056	10347	545.9	544.7
四川	56286	龙泉驿	3061	10426	506.6	505.4
四川	56288	双流	3059	10390	496.2	495.0
四川	56289	彭山	3020	10387	437.1	435.9
四川	56290	新都	3078	10418	515.7	514.5
四川	56296	金堂	3081	10443	494.7	493.5
四川	56297	仁寿	3004	10414	436.6	435.4
四川	56298	资阳	3007	10466	415.4	414.2
四川	56357	稻城	2904	10030	3743.5	3742.3
四川	56371	泸定	2989	10221	1404.4	1403.2
四川	56373	荥经	2979	10284	798.7	797.5
贵州	56598	赫章	2709	10469	1630.9	1629.7
贵州	56691	威宁	2686	10428	2239.8	2238.6
贵州	56792	普安	2579	10496	1650.6	1649.4
贵州	56793	盘县	2575	10453	2127.1	2125.9
贵州	57606	桐梓	2813	10682	970.9	969.7
贵州	57623	道真	2888	10760	685.1	683.9
贵州	57625	正安	2854	10746	817.6	816.4
贵州	57634	务川	2851	10789	841.3	840.1
贵州	57636	沿河	2856	10850	504.4	503.2
贵州	57637	德江	2829	10811	628.2	627.0
贵州	57647	松桃	2817	10919	402.4	401.2
贵州	57707	毕节	2730	10529	1510.3	1509.1
贵州	57708	大方	2713	10560	1722.7	1721.5
贵州	57710	仁怀	2783	10639	891.5	890.3
贵州	57714	金沙	2749	10622	1047.2	1046.0
贵州	57717	遵义县	2754	10683	974.1	972.9
贵州	57718	息烽	2710	10672	1113.5	1112.3
贵州	57719	开阳	2709	10691	1290.0	1288.8
贵州	57722	湄潭	2778	10751	808.8	807.6
贵州	57723	凤冈	2798	10773	711.9	710.7
贵州	57728	瓮安	2704	10746	1129.8	1128.6
贵州	57729	余庆	2723	10788	623.3	622.1

贵州	57731	思南	2793	10825	576.1	574.9
贵州	57732	印江	2801	10840	510.8	509.6
贵州	57734	石阡	2758	10822	554.4	553.2
贵州	57735	岑巩	2718	10882	424.5	423.3
贵州	57736	江口	2772	10885	481.3	480.1
贵州	57737	施秉	2703	10812	548.0	546.8
贵州	57738	镇远	2705	10842	518.4	517.2
贵州	57739	玉屏	2724	10890	383.0	381.8
贵州	57741	铜仁	2773	10918	341.4	340.2
贵州	57742	万山	2752	10921	873.7	872.5
贵州	57800	纳雍	2677	10537	1470.2	1469.0
贵州	57803	黔西	2702	10602	1322.9	1321.7
贵州	57805	织金	2664	10579	1546.2	1545.0
贵州	57806	安顺	2629	10598	1521.7	1520.5
贵州	57807	六枝	2622	10546	1408.5	1407.3
贵州	57808	普定	2631	10574	1283.0	1281.8
贵州	57809	镇宁	2607	10575	1252.2	1251.0
贵州	57811	修文	2684	10660	1298.0	1296.8
贵州	57814	平坝	2641	10626	1300.9	1299.7
贵州	57816	贵阳	2659	10673	1228.5	1227.3
贵州	57821	福泉	2670	10750	926.0	924.8
贵州	57822	黄平	2690	10790	826.2	825.0
贵州	57824	贵定	2659	10725	1057.4	1056.2
贵州	57825	凯里	2660	10798	720.0	718.8
贵州	57827	都匀	2632	10751	968.9	967.7
贵州	57828	麻江	2649	10758	982.3	981.1
贵州	57829	丹寨	2620	10780	964.1	962.9
贵州	57832	三穗	2696	10867	628.1	626.9
贵州	57834	台江	2668	10831	643.1	641.9
贵州	57835	剑河	2673	10843	529.3	528.1
贵州	57837	雷山	2639	10808	845.2	844
贵州	57839	黎平	2623	10914	570.0	568.8
贵州	57840	天柱	2691	10920	402.6	401.4
贵州	57844	锦屏	2651	10926	472.0	470.8
贵州	57900	晴隆	2585	10522	1554.1	1552.9
贵州	57902	兴仁	2543	10518	1379.9	1378.7
贵州	57903	关岭	2594	10560	1125.7	1124.5
贵州	57905	贞丰	2540	10561	1181.5	1180.3
贵州	57906	望谟	2518	10609	568.8	567.6
贵州	57907	兴义	2509	10490	1301.7	1300.5
贵州	57908	安龙	2511	10548	1395.9	1394.7
贵州	57909	册亨	2499	10582	586.9	585.7
贵州	57910	紫云	2577	10609	1198.8	1197.6
贵州	57911	白云	2667	10665	1300.2	1299.0
贵州	57912	惠水	2614	10666	992.8	991.6
贵州	57913	龙里	2646	10695	1135.9	1134.7
贵州	57914	花溪	2641	10667	1150.2	1149.0
贵州	57915	乌当	2663	10676	1088.7	1087.5
贵州	57916	罗甸	2543	10676	451.5	450.3
贵州	57921	平塘	2585	10735	822.4	821.2
贵州	57922	独山	2583	10755	1015.0	1013.8
贵州	57923	三都	2598	10787	449.0	447.8
贵州	57926	荔波	2538	10785	481.7	480.5

贵州	57932	榕江	2593	10851	260.5	259.3
贵州	57936	从江	2576	10891	267.0	265.8
云南	56444	德钦	2849	9891	3319.6	3318.4
云南	56483	绥江	2859	10396	497.8	496.6
云南	56489	永善	2824	10362	976.8	975.6
云南	56497	盐津	2811	10423	448.6	447.4
云南	56533	贡山	2775	9866	1584.5	1583.3
云南	56543	香格里拉	2785	9974	3342.7	3341.5
云南	56548	维西	2718	9929	2327.3	2326.1
云南	56567	宁蒗	2726	10086	2364.4	2363.2
云南	56582	大关	2775	10389	1177.4	1176.2
云南	56585	鲁甸	2719	10356	1949.8	1948.6
云南	56586	昭通	2735	10372	1950.7	1949.5
云南	56594	彝良	2763	10407	1033.0	1031.8
云南	56595	镇雄	2741	10487	1646.4	1645.2
云南	56596	威信	2785	10505	1218.9	1217.7
云南	56641	福贡	2684	9888	1177.9	1176.7
云南	56643	六库	2586	9886	951.0	949.8
云南	56645	兰坪	2644	9941	2346.1	2344.9
云南	56646	剑川	2653	9991	2194.0	2192.8
云南	56649	洱源	2611	9996	2061.1	2059.9
云南	56651	丽江	2685	10022	2379.1	2377.9
云南	56652	永胜	2665	10076	2122.2	2121.0
云南	56654	鹤庆	2659	10019	2196.4	2195.2
云南	56664	华坪	2664	10126	1229.9	1228.7
云南	56669	永仁	2604	10166	1590.6	1589.4
云南	56673	巧家	2692	10293	895.1	893.9
云南	56684	会泽	2640	10325	2189.5	2188.3
云南	56688	东川	2610	10317	1229.8	1228.6
云南	56697	宣威	2622	10409	1985.4	1984.2
云南	56739	腾冲	2498	9851	1697.1	1695.9
云南	56742	云龙	2589	9937	1725.1	1723.9
云南	56745	漾濞	2568	9995	1627.3	1626.1
云南	56746	永平	2546	9953	1617.9	1616.7
云南	56748	保山	2504	9916	1669.6	1668.4
云南	56751	大理	2571	10018	1978.9	1977.7
云南	56752	宾川	2582	10053	1507.3	1506.1
云南	56755	弥渡	2539	10040	1768.3	1767.1
云南	56757	巍山	2526	10029	1733.9	1732.7
云南	56761	大姚	2572	10133	1880.1	1878.9
云南	56764	姚安	2552	10124	1875.1	1873.9
云南	56766	牟定	2530	10153	1817.4	1816.2
云南	56767	南华	2521	10126	1906.6	1905.4
云南	56772	富民	2522	10251	1648.8	1647.6
云南	56774	武定	2550	10242	1798.3	1797.1
云南	56777	禄丰	2511	10210	1672.6	1671.4
云南	56778	昆明	2501	10265	1889.3	1888.1
云南	56782	马龙	2543	10357	2068.3	2067.1
云南	56783	曲靖	2550	10380	1907.4	1906.2
云南	56785	嵩明	2536	10308	1917	1915.7
云南	56790	富源	2568	10424	1927.0	1925.8
云南	56835	陇川	2417	9778	992.0	990.8
云南	56836	盈江	2471	9794	827.9	826.7
云南	56839	镇康	2376	9882	1055.0	1053.8
云南	56840	粱河	2480	9826	1126.0	1124.8
云南	56841	龙陵	2462	9870	1631.8	1630.6
云南	56842	施甸	2473	9918	1488.6	1487.4
云南	56843	昌宁	2480	9962	1668.1	1666.9
云南	56844	芒市	2443	9857	915.0	913.8
云南	56846	凤庆	2459	9993	1570.2	1569.0
云南	56849	永德	2402	9925	1607.4	1606.2
云南	56851	南涧	2504	10052	1378.4	1377.2
云南	56854	云县	2445	10014	1109.8	1108.6
云南	56856	景东	2444	10086	1166.6	1165.4
云南	56862	双柏	2469	10163	1969.3	1968.1
云南	56863	安宁	2492	10250	1882.5	1881.3
云南	56867	镇沅	2399	10112	1106.6	1105.4
云南	56869	新平	2407	10198	1498.7	1497.5
云南	56870	易门	2466	10218	1602.1	1600.9
云南	56871	晋宁	2468	10257	1980.4	1979.2
云南	56873	澄江	2468	10292	1798.1	1796.9
云南	56875	玉溪	2434	10255	1718.1	1716.9
云南	56876	江川	2429	10276	1732.5	1731.3
云南	56878	通海	2413	10276	1800.4	1799.2
云南	56879	华宁	2419	10291	1700.9	1699.7
云南	56880	宜良	2489	10314	1640.5	1639.5
云南	56881	石林	2475	10327	1692.8	1691.6
云南	56882	呈贡	2491	10283	1972.6	1971.4
云南	56883	师宗	2482	10398	1902.1	1900.9
云南	56885	弥勒	2442	10347	1465.8	1464.6
云南	56886	泸西	2453	10375	1705.5	1704.3
云南	56889	丘北	2404	10418	1519.9	1518.7
云南	56891	罗平	2488	10432	1483.9	1482.7
云南	56898	峨山	2418	10241	1601.2	1600.0
云南	56944	沧源	2316	9926	1279.5	1278.3
云南	56946	耿马	2353	9939	1145.3	1144.1
云南	56948	西盟	2264	9964	1246.6	1245.4
云南	56949	孟连	2231	9960	1081.1	1079.9
云南	56950	双江	2347	9982	1045.3	1044.1
云南	56951	临沧	2388	10012	1637.3	1636.1
云南	56952	景谷	2350	10072	980.4	979.2
云南	56954	澜沧	2256	9993	1056.0	1054.8
云南	56958	勐海	2196	10047	1224.0	1222.8
云南	56962	墨江	2346	10167	1367.2	1366.0
云南	56964	思茅	2282	10099	1417.4	1416.2
云南	56966	元江	2363	10197	508.0	506.8
云南	56969	勐腊	2148	10158	631.7	630.5
云南	56970	石屏	2372	10247	 	1478.9
云南	56975	红河	2337	10242	943.1	941.9
云南	56976	元阳	2323	10282	313.5	312.3
云南	56977	江城	2261	10186	 	1269.8
云南	56978	绿春	2300	10240	1644.0	1642.8
云南	56982	开远	2372	10329	1183.2	1182.0
云南	56984	个旧	2339	 	1850.0	1848.8
云南	56987	金平	2279	10323	1273.9	1272.7
云南	56991	砚山	2360	10434	1562.3	1561.1
 

云南	56992	西畴	2344	10468	1508.7	1507.5
云南	56994	文山	2333	10428	1282.0	1280.8
云南	56995	马关	2302	10440	1334.1	1332.9
云南	59007	广南	 	10505	1250.8	1249.6
云南	59205	富宁	2363	10563	687.0	685.8
西藏	55228	狮泉河	3249	8010	4279.8	4278.6
西藏	55248	 	3231	8406	4416.1	4414.9
西藏	55299	那曲	3148	9206	4508.3	4507.1
西藏	55437	普兰	3035	8114	4075.2	4074.0
西藏	 	当雄	3048	9110	4280.0	4278.8
西藏	55569	拉孜	2909	8764	3942.2	3941.0
西藏	55572	南木林	2968	8910	3977.2	3976.0
西藏	55593	墨竹工卡	2984	9173	3804.5	3803.3
西藏	55597	琼结	2904	9169	3740.0	3738.8
西藏	55598	泽当	2926	9177	3554.7	3553.5
西藏	55655	聂拉木	2816	8598	3772.2	3771.0
西藏	55664	定日	2865	8712	4323.2	4322.0
西藏	55680	江孜	2891	8961	4039.2	4038.0
西藏	56116	丁青	3141	9559	3874.3	3873.1
西藏	56128	类乌齐	3122	9660	3811.2	3810.0
西藏	56137	昌都	3115	9718	3305.7	3304.5
西藏	56223	洛隆	3076	9580	3612.2	3611.0
西藏	56227	波密	2986	9576	2729.7	2728.5
西藏	56228	八宿	3005	9684	3455.2	3454.0
西藏	56312	林芝	2965	9436	2989.6	2988.4
西藏	56317	米林	2921	9421	2936.8	2935.6
西藏	56331	左贡	2967	9784	3804.3	3803.1
西藏	56434	察隅	2867	9747	2410.1	2408.9
陕西	57003	陇县	3489	10684	921.7	920.5
陕西	57016	宝鸡	10713	3435	613.7	612.4
陕西	57020	宝鸡县	3436	10739	564.3	563.1
陕西	57021	千阳	3465	10714	755.5	754.3
陕西	57022	麟游	3468	10780	1029.5	1028.3
陕西	57023	彬县	3502	10811	914.7	913.5
陕西	57024	岐山	3444	10765	671.9	670.7
陕西	57025	凤翔	3451	10738	782.3	781.1
陕西	57026	扶风	3437	10788	570.4	569.2
陕西	57027	眉县	3430	10773	492.0	490.8
陕西	57028	太白	3406	10732	1549.6	1548.4
陕西	57029	礼泉	3449	10845	541.9	540.7
陕西	57030	永寿	3469	10814	996.3	995.1
陕西	57031	淳化	3483	10855	1013.0	1011.8
陕西	57033	泾阳	3456	10883	393.4	392.2
陕西	57034	武功	3431	10824	472.2	471.0
陕西	57035	乾县	3454	10825	638.6	637.4
陕西	57037	耀县	3493	10897	720.5	719.3
陕西	57038	兴平	3428	10848	409.4	408.2
陕西	57041	三原	3475	10898	560.5	559.3
陕西	57042	富平	3478	10919	476.1	474.9
陕西	57043	大荔	3480	10997	352.6	351.4
陕西	57045	渭南	3440	10949	642.0	640.8
陕西	57046	华山	3448	11008	2066.1	2064.9
陕西	57048	秦都	3440	10872	474.0	472.8

陕西	57054	潼关	3457	11025	543.4	542.2
陕西	57055	华阴	3459	11013	343.3	342.1
陕西	57057	洛南	3408	11015	990.0	988.8
陕西	57106	略阳	3334	10615	792.7	791.5
陕西	57113	凤县	3393	10654	985.2	984.0
陕西	57119	勉县	3315	10669	548.9	547.7
陕西	57123	杨凌	3429	10807	520.9	519.7
陕西	57124	留坝	3362	10692	1040.3	1039.1
陕西	57127	汉中	3307	10704	509.0	507.8
陕西	57128	城固	3317	10733	487.1	485.9
陕西	57131	泾河	3445	10897	408.8	407.6
陕西	57134	佛坪	3353	10798	953.4	952.2
陕西	57137	宁陕	3332	10831	809.0	807.8
陕西	57140	柞水	3366	10912	819.4	818.2
陕西	57143	商县	3385	10997	748.4	747.2
陕西	57144	镇安	3343	10915	-694.9	-693.7
陕西	57153	丹凤	3370	11034	640.4	639.2
陕西	57154	商南	3353	11089	525.3	524.1
陕西	57155	山阳	3353	10992	814.4	813.2
陕西	57211	宁强	3283	10625	837.7	836.5
陕西	57213	南郑	3300	10693	537.5	536.3
陕西	57231	紫阳	3253	10853	505.5	504.3
陕西	57232	石泉	3304	10826	484.1	482.9
陕西	57233	汉阴	3292	10851	553.8	552.6
陕西	57238	镇巴	3252	10789	893.4	892.2
陕西	57242	旬阳	3283	10938	286.9	285.7
陕西	57245	安康	3269	10904	292.0	290.8
陕西	57247	岚皋	3231	10890	437.7	436.5
陕西	57248	平利	3239	10934	566.3	565.1
陕西	57254	白河	3281	11011	322.2	321.0
陕西	57343	镇坪	3190	10953	996.4	995.2
陕西	53567	府谷	3902	11099	1025.7	1024.5
陕西	53646	榆林	3827	10978	1162.9	1161.7
陕西	53651	神木	3883	11046	1091.9	1090.7
陕西	53658	佳县	3803	11049	898.2	897.0
陕西	53725	定边	3760	10760	1369.7	1368.5
陕西	53735	靖边	3756	10885	1453.3	1452.1
陕西	53738	吴旗	3692	10818	1328.7	1327.5
陕西	53740	横山	3796	10929	1112.2	1111.0
陕西	53748	子长	3715	10969	1062.9	1061.7
陕西	53750	米脂	3776	11018	921.4	920.2
陕西	53751	子洲	3760	11003	1011.6	1010.4
陕西	53754	绥德	3749	11026	930.7	929.5
陕西	53756	吴堡	3746	11074	745.5	744.3
陕西	53757	清涧	3709	11012	938.8	937.6
陕西	53832	志丹	3681	10877	1298.3	1297.1
陕西	53841	安塞	3691	10931	1102.6	1101.4
陕西	53848	甘泉	3627	10935	1007.0	1005.8
陕西	53850	延川	3688	11018	806.1	804.9
陕西	53854	延长	3658	10997	806.4	805.2
陕西	53857	宜川	3606	11001	812.2	811.0
陕西	53929	长武	3521	10777	1205.0	1203.8
陕西	53931	富县	3600	10938	985.1	983.9

陕西	53938	旬邑	3517	10829	1270.2	1269.0
陕西	53941	白水	3519	10958	805.6	804.4
陕西	53942	洛川	3579	10936	1082.9	1081.7
陕西	53944	黄陵	3557	10924	941.7	940.5
陕西	53945	宜君	3540	10911	1397.1	1395.9
陕西	53946	黄龙	3559	10983	1084.0	1082.8
陕西	53947	铜川	3506	10908	985.2	984.0
陕西	53948	蒲城	3489	10963	388.4	387.2
陕西	53949	澄城	3519	10992	680.4	679.3
陕西	53950	合阳	3525	11019	753.9	752.7
甘肃	52323	马鬃山	4181	9703	1774.9	1773.7
甘肃	52515	肃北	3952	9488	2138.4	2137.2
甘肃	52533	酒泉	3977	9849	1478.4	1477.2
甘肃	52546	高台	3937	9983	1333.4	1332.2
甘肃	52557	临泽	3914	10019	1403.2	1402.0
甘肃	52643	肃南	3883	9962	2313.0	2311.8
甘肃	52652	张掖	3908	10028	1462.3	1461.1
甘肃	52656	民乐	3846	10082	2233.2	2232.0
甘肃	52674	永昌	3822	10193	2095.1	2093.9
甘肃	52679	武威	3789	10287	1541.4	1540.2
甘肃	52681	民勤	3863	10309	1368.7	1367.5
甘肃	52784	古浪	3753	10291	1976.9	1975.7
甘肃	52787	乌鞘岭	3720	10287	3046.3	3045.1
甘肃	52797	景泰	3719	10406	1632.1	1630.9
甘肃	52881	天祝	3699	10319	2486.0	2484.8
甘肃	52884	皋兰	3635	10393	1668.4	1667.2
甘肃	52885	永登	3675	10325	2121.2	2120.0
甘肃	52895	靖远	3662	10464	1508.2	1507.0
甘肃	52896	白银	3655	10414	1737.9	1736.7
甘肃	52978	夏河	3519	10249	2949.1	2947.9
甘肃	52980	永靖	3597	10330	1649.2	1648.0
甘肃	52981	东乡	3568	10338	2422.2	2421.0
甘肃	52982	广河	3547	10353	1965.4	1964.2
甘肃	52983	榆中	3587	10414	1889.1	1887.9
甘肃	52984	临夏	3558	10318	1918.4	1917.2
甘肃	52985	和政	3541	10334	2164.0	2162.8
甘肃	52986	临洮	3536	10386	1895.0	1893.8
甘肃	52988	康乐	3538	10372	2017.0	2015.8
甘肃	52993	会宁	3568	10506	1740.6	1739.4
甘肃	52995	安定	3558	10460	2006.1	2004.9
甘肃	52996	华家岭	3539	10501	2451.8	2450.6
甘肃	52998	渭源	3513	10420	2112.2	2111.0
甘肃	53821	环县	3657	10730	1256.8	1255.6
甘肃	53829	庆城	3598	10789	1094.9	1093.7
甘肃	53906	静宁	3552	10571	1657.6	1656.4
甘肃	53908	通渭	3521	10523	1771.0	1769.8
甘肃	53915	崆峒	3553	10666	1468.8	1467.6
甘肃	53917	庄浪	3523	10605	1676.5	1675.3
甘肃	53923	西峰	3573	10763	1422.2	1421.0
甘肃	53924	灵台	3507	10762	967.8	966.6
甘肃	53925	镇原	3572	10721	1429.5	1428.3
甘肃	53926	泾川	3534	10736	1030.0	1028.8
甘肃	53927	华亭	3521	10663	1478.8	1477.6

甘肃	53928	崇信	3530	10702	1150.3	1149.1
甘肃	53930	华池	3645	10799	1421.2	1420.0
甘肃	53934	合水	3578	10798	1275.5	1274.3
甘肃	53935	正宁	3549	10840	1483.1	1481.9
甘肃	53937	宁县	3553	10789	1172.8	1171.6
甘肃	56071	碌曲	3459	10250	3191.6	3190.4
甘肃	56074	玛曲	3400	10207	3472.0	3470.8
甘肃	56080	合作	3499	10291	 	2909.4
甘肃	56081	临潭	3470	10335	2812.5	2811.3
甘肃	56082	卓尼	3459	10350	2593.8	2592.6
甘肃	56084	迭部	3406	10321	 	2481.5
甘肃	56091	漳县	3484	10446	1911.8	1910.6
甘肃	56092	陇西	3499	10465	1729.4	1728.2
甘肃	56093	岷县	3443	 	2316.2	2315.0
甘肃	56094	舟曲	3378	10438	1330.6	1329.4
甘肃	56095	宕昌	3404	10438	1711.4	1710.2
甘肃	56096	武都	 	10492	1080.3	1079.1
甘肃	56192	文县	3295	10467	978.4	977.2
甘肃	57001	甘谷	3475	10533	1273.1	1271.9
甘肃	57002	秦安	 	10565	1217.3	1216.1
甘肃	57004	武山	3473	10488	1496.6	1495.4
甘肃	57006	天水	3457	10574	1151.0	1149.8
甘肃	57007	 	3417	10516	1395.4	1394.2
甘肃	57008	西和	3403	10530	1580.1	1578.9
甘肃	 	清水	3474	10615	1417.3	1416.1
甘肃	57012	张家川	3499	10620	1665.7	1664.5
甘肃	57014	麦积	3456	10587	1086.4	1085.2
甘肃	57102	成县	3379	10579	1115.8	1114.6
甘肃	57105	康县	3333	10559	1185.4	1184.2
甘肃	57110	徽县	3379	10607	1004.5	1003.3
甘肃	57111	两当	3391	10630	929.4	928.2
青海	52602	冷湖	3874	9333	2772.6	2771.4
青海	52707	小灶火	3680	9368	2772.1	2770.9
青海	52818	格尔木	3642	9491	2806.0	2804.8
青海	52825	诺木洪	3644	9643	2789.8	2788.6
青海	52836	都兰	3630	9810	3193.2	3192.0
青海	52854	青海湖
151	3659	10049	3202.0	3200.8
青海	52856	共和	3627	10062	2837.9	2836.7
青海	52863	互助	3682	10195	2485.5	2484.3
青海	52866	西宁	3666	10173	2435.4	2434.2
青海	52868	贵德	3602	10137	2268.4	2267.2
青海	52869	湟中	3650	10158	2668.1	2666.9
青海	52875	平安	3650	10210	2138.5	2137.3
青海	52876	民和	3633	10284	1813.2	1812.0
青海	52877	化隆	3610	10226	2838.1	2836.9
青海	52908	五道梁	3522	9308	4613.2	4612.0
青海	52941	沙珠玉	3626	10026	2873.2	2872.0
青海	52943	兴海	3559	9998	3307.0	3305.8
青海	52955	贵南	3559	10074	3108.8	3107.6
青海	52957	同德	3524	10060	3149.0	3147.8
青海	52963	尖扎	3594	10201	2176.7	2175.5
青海	52968	泽库	3504	10147	3663.5	3662.3

青海	52972	循化	3585	10246	1927.6	1926.4
青海	52974	同仁	3555	10203	2474.9	2473.7
青海	56004	沱沱河	3422	9244	4534.1	4532.9
青海	56016	治多	3385	9562	4181.5	4180.3
青海	56018	杂多	3289	9530	4068.6	4067.4
青海	56021	曲麻莱	3413	9581	4200.3	4199.1
青海	56029	玉树	3300	9696	3718.3	3717.1
青海	56033	玛多	3492	9822	4272.9	4271.7
青海	56034	清水河	3381	9714	4416.8	4415.6
青海	56043	玛沁	3448	10024	3721.5	3720.3
青海	56045	甘德	3396	9989	4033.4	4032.2
青海	56046	达日	3376	9965	3971.6	3970.4
青海	56065	河南	3473	10160	3518.1	3516.9
青海	56067	久治	3343	10148	3630.7	3629.5
青海	56125	囊谦	3220	9648	3645.9	3644.7
青海	56151	班玛	3293	10074	3517.5	3516.3
宁夏	53517	石炭井	3926	10633	1465.9	1464.7
宁夏	53518	石嘴山	3904	10635	1128.1	1126.9
宁夏	53519	惠农	3921	10676	1093.4	1092.2
宁夏	53603	沙湖	3883	10637	1101.1	1099.9
宁夏	53610	贺兰	3856	10634	1107.2	1106.0
宁夏	53611	平罗	3888	10655	1099.9	1098.7
宁夏	53612	吴忠	3777	10616	1211.2	1210.0
宁夏	53614	银川	3847	10621	1112.8	1111.6
宁夏	53615	陶乐	3881	10670	1102.2	1101.0
宁夏	53617	青铜峡	3803	10608	1126.9	1125.7
宁夏	53618	永宁	3822	10620	1119.6	1118.4
宁夏	53619	灵武	3812	10630	1116.9	1115.7
宁夏	53704	中卫	3753	10518	1227.9	1226.7
宁夏	53705	中宁	3748	10568	1182.5	1181.3
宁夏	53707	兴仁	3694	10525	1699.1	1697.9
宁夏	53723	盐池	3779	10739	1352.1	1350.9
宁夏	53727	麻黄山	3717	10711	1692.3	1691.1
宁夏	53806	海原	3657	10564	1856.8	1855.6
宁夏	53810	同心	3697	10589	1337.6	1336.4
宁夏	53817	固原	3603	10624	1836.7	1835.5
宁夏	53881	韦州	3729	10648	1383.4	1382.2
宁夏	53903	西吉	3597	10571	1917.7	1916.5
宁夏	53910	六盘山	3566	10620	2846.4	2845.2
宁夏	53914	隆德	3560	10614	2154.3	2153.1
宁夏	53916	泾源	3549	10631	1985.9	1984.7
新疆	51053	哈巴河	4805	8641	534.1	532.9
新疆	51058	阿克达拉	4710	8797	562.6	561.4
新疆	51060	布尔津	4771	8687	474.9	473.7
新疆	51068	福海	4713	8748	498.3	497.1
新疆	51076	阿勒泰	8808	4773	736.5	735.3
新疆	51087	富蕴	4701	8949	861.6	860.4
新疆	51133	塔城	4673	8298	536.3	535.1
新疆	51137	裕民	4620	8307	722.8	721.6
新疆	51145	额敏	4653	8362	520.5	519.3
新疆	51156	和布克赛尔	4681	8575	1322.8	1321.6
新疆	51232	阿拉山口	4518	8255	367.5	366.3

新疆	51238	博乐	4491	8204	533.8	532.6
新疆	51241	托里	4594	8360	1079.6	1078.4
新疆	51243	克拉玛依	4561	8485	451.6	450.4
新疆	51334	精河	4457	8282	330.6	329.4
新疆	51357	沙湾	4433	8563	522.8	521.6
新疆	51359	玛纳斯	4428	8622	473.0	471.8
新疆	51367	呼图壁	4417	8685	575.9	574.7
新疆	51368	昌吉	4412	8732	516.4	515.2
新疆	51369	米泉	4397	8766	602.4	601.2
新疆	51377	阜康	4417	8797	542.9	541.7
新疆	51378	吉木萨尔	4399	8915	744.1	742.9
新疆	51468	天山大西沟	4311	8684	3541.5	3540.5
新疆	51469	乌鲁木齐牧	4345	8719	1933.7	1932.5
新疆	51470	天池	4389	8812	1943.0	1941.8
新疆	51477	达坂城	4335	8832	1103.7	1102.5
新疆	51482	木垒	4382	9027	1272.9	1271.7
新疆	51526	库米什	4224	8819	923.9	923
新疆	51542	巴音布鲁克	4303	8415	2460.3	 
新疆	51567	焉耆	4205	8661	1056.6	1055.4
新疆	51571	托克逊	4277	8860	45.1	43.9
新疆	51572	吐鲁番东坎	4289	8931	 	-48.8
新疆	51573	吐鲁番	4295	8923	40.2	39.0
新疆	51627	乌什	4122	 	1351.3	1350.1
新疆	51628	阿克苏	4112	8038	1108.3	1107.1
新疆	51636	新和	4154	8265	950.6	949.4
新疆	51639	沙雅	4125	 	984.0	982.8
新疆	51656	库尔勒	4173	8582	901.1	899.9
新疆	51704	阿图什	3973	7622	1268.8	1267.6
新疆	51705	乌恰	 	7525	2136.6	2135.4
新疆	51707	伽师	3950	7678	1205.2	1204.0
新疆	51709	喀什	3949	7576	1385.6	1384.4
新疆	51717	 	3924	7677	1207.3	1206.1
新疆	51720	柯坪	4050	7904	1162.4	1161.2
新疆	51722	阿瓦提	4064	8039	1045.6	1044.4
新疆	 	阿拉尔	4061	8126	1012.0	1010.8
新疆	51747	塔中	3897	8366	1101.8	1100.6
新疆	51765	铁干里克	4065	8769	846.5	845.3
新疆	51802	英吉沙	3894	7617	1295.5	1294.3
新疆	51810	麦盖提	3891	7764	1179.0	1177.8
新疆	51811	莎车	3843	7724	1232.8	1231.6
新疆	51814	叶城	3788	7742	1361.5	1360.3
新疆	51815	泽普	3820	7726	1274.9	1273.7
新疆	51818	皮山	3762	7828	1373.7	1372.5
新疆	51826	策勒	3701	8081	1332.7	1331.5
新疆	51827	墨玉	3717	7963	1349.0	1347.8
新疆	51828	和田	3712	7993	1375.7	1374.5
新疆	51829	洛浦	3705	8023	1305.4	1304.2
新疆	51839	民丰	3707	8269	1410.1	1408.9
新疆	51855	且末	3813	8554	1248.9	1247.7

新疆	51931	于田	3686	8165	1422.6	1421.4
新疆	52101	巴里坤	4360	9305	1680.4	1679.2
新疆	52112	淖毛湖	4375	9498	479.9	478.7
新疆	52118	伊吾	-4324	-9467	1731.2	1730.0
新疆	52203	哈密	4281	9352	746	745
新疆	52313	红柳河	4153	9472	1575	1574
极地	89058	南极长城	-5703	-6178	12	10
极地	89573	南极中山	-7563	-6863	17	15

